{"licenses": {}, "info": {"url": "https://github.com/xingyuansun/pix3d", "contributor": "Pix3D", "year": 2018, "description": "Dataset of paper https://arxiv.org/abs/1804.04610"}, "categories": [{"id": 1, "name": "bookcase"}, {"id": 2, "name": "tool"}], "annotations": [{"iscrowd": 0, "segmentation": "mask/tool/0011.png", "model": "model/tool/SS_3/model.obj", "category_id": 2, "K": [2890.44356541, 1512.0, 2016.0], "bbox": [1114, 1228, 301, 935], "trans_mat": [0.16914875072199997, 0.15433719876900004, 1.79535214156], "area": 281435, "image_id": 23, "id": 23, "rot_mat": [[0.9777912769706363, -0.04856670513120175, 0.20387617279327008], [-0.16390339982173957, 0.429046344458912, 0.8882876278736069], [-0.13061352995385814, -0.9019758918392129, 0.41155752493891906]], "voxel": "model/tool/SS_3/voxel.mat"}, {"iscrowd": 0, "segmentation": "mask/tool/0012.png", "model": "model/tool/SS_3/model.obj", "category_id": 2, "K": [2608.41029114, 2016.0, 1512.0], "bbox": [951, 1091, 2834, 797], "trans_mat": [-0.099651198566, -0.006298513061250012, 0.942569525752], "area": 2258698, "image_id": 24, "id": 24, "rot_mat": [[-0.14061878543922096, -0.9730364295969433, -0.18282905638555172], [0.9899727471647329, -0.13568308022296224, -0.0392945493970983], [0.013428218523323949, -0.1865213350221419, 0.9823591372450545]], "voxel": "model/tool/SS_3/voxel.mat"}, {"iscrowd": 0, "segmentation": "mask/tool/0013.png", "model": "model/tool/SS_3/model.obj", "category_id": 2, "K": [2670.21703041, 1512.0, 2016.0], "bbox": [1117, 0, 316, 2038], "trans_mat": [0.12266886676899995, 0.457639353505, 1.41679341702], "area": 644008, "image_id": 25, "id": 25, "rot_mat": [[0.63827976462276, 0.04999880530149496, -0.7681790556514395], [0.35604023108765404, 0.8655695444983956, 0.35217143195309003], [0.6825205461523954, -0.49828654718471294, 0.5346739389334146]], "voxel": "model/tool/SS_3/voxel.mat"}, {"iscrowd": 0, "segmentation": "mask/tool/0014.png", "model": "model/tool/SS_3/model.obj", "category_id": 2, "K": [1910.41188213, 1512.0, 2016.0], "bbox": [1682, 1101, 203, 877], "trans_mat": [-0.22976418163300005, 0.37414206658199994, 1.77408535318], "area": 178031, "image_id": 26, "id": 26, "rot_mat": [[0.9195525472144485, 0.15925243910508646, 0.3592516855221422], [-0.3849188469540893, 0.5490971803243193, 0.7418421448120996], [-0.07912391655469173, -0.8204455784504922, 0.5662229760704552]], "voxel": "model/tool/SS_3/voxel.mat"}, {"iscrowd": 0, "segmentation": "mask/tool/0015.png", "model": "model/tool/SS_3/model.obj", "category_id": 2, "K": [860707.8701353697, 1512.0, 2016.0], "bbox": [1263, 1534, 237, 1392], "trans_mat": [0.07733141256600001, -0.0955201224266, 487.984328443], "area": 329904, "image_id": 27, "id": 27, "rot_mat": [[0.11588541965783818, -0.07826576063785158, 0.9901742474042158], [0.6501040325344818, 0.7596759253945536, -0.01603855536929529], [-0.7509562679631432, 0.6455749058689527, 0.13891625001835023]], "voxel": "model/tool/SS_3/voxel.mat"}, {"iscrowd": 0, "segmentation": "mask/tool/0016.png", "model": "model/tool/SS_3/model.obj", "category_id": 2, "K": [1892.2580859599998, 1512.0, 2016.0], "bbox": [1105, 884, 386, 890], "trans_mat": [0.15643136324899992, 0.438207669269, 1.4266482493], "area": 343540, "image_id": 28, "id": 28, "rot_mat": [[0.9812025622808781, 0.0817684906685322, -0.174801160485936], [0.14670806894655428, 0.27240190916925267, 0.9509331955436824], [0.125372541967581, -0.9587028287299127, 0.255285353880419]], "voxel": "model/tool/SS_3/voxel.mat"}, {"iscrowd": 0, "segmentation": "mask/tool/0017.png", "model": "model/tool/SS_3/model.obj", "category_id": 2, "K": [1999.66136107, 1512.0, 2016.0], "bbox": [867, 1377, 473, 1432], "trans_mat": [0.24301233673600003, -0.12500008972699997, 1.12066350062], "area": 677336, "image_id": 29, "id": 29, "rot_mat": [[0.8639103523466282, 0.01585085225040692, 0.5033961199604745], [-0.3379165572762944, 0.7593856388962521, 0.5560088594228224], [-0.3734585698934509, -0.6504476934551053, 0.6613973802881832]], "voxel": "model/tool/SS_3/voxel.mat"}, {"iscrowd": 0, "segmentation": "mask/tool/0018.png", "model": "model/tool/SS_3/model.obj", "category_id": 2, "K": [1578.00262357, 1512.0, 2016.0], "bbox": [1084, 1264, 189, 927], "trans_mat": [0.31401080327, 0.208472055227, 1.54595645603], "area": 175203, "image_id": 30, "id": 30, "rot_mat": [[-0.5596377639753268, -0.03982986251366084, -0.8277796537635116], [0.4824973498640962, 0.7964410060328344, -0.364524390519387], [0.6737966165741858, -0.6034031040370521, -0.4265006606461825]], "voxel": "model/tool/SS_3/voxel.mat"}, {"iscrowd": 0, "segmentation": "mask/bookcase/0257.png", "model": "model/bookcase/IKEA_LACK_3/model.obj", "category_id": 1, "K": [683.0352927285797, 282.0, 282.0], "bbox": [71, 44, 86, 417], "trans_mat": [0.419547587214, 0.06781729886380004, 1.7098713691699998], "area": 35862, "image_id": 145, "id": 145, "rot_mat": [[0.735870589084564, -0.005287288703696176, 0.6771015586295018], [-0.02130786533288256, 0.9992934623989855, 0.03096047289049773], [-0.6767868578771995, -0.03721049025222955, 0.7352380080082206]], "voxel": "model/bookcase/IKEA_LACK_3/voxel.mat"}, {"iscrowd": 0, "segmentation": "mask/bookcase/0258.png", "model": "model/bookcase/IKEA_LACK_3/model.obj", "category_id": 1, "K": [2082.189493, 295.5, 360.0], "bbox": [92, 22, 104, 502], "trans_mat": [0.298781113628, 0.17425291502200002, 4.12630523413], "area": 52208, "image_id": 146, "id": 146, "rot_mat": [[0.9207690683123999, -0.009834101464663875, -0.3899841192760261], [0.07073657016936385, 0.9873194141179342, 0.14211513693654823], [0.38364131748260605, -0.1584413612482608, 0.9097888076724227]], "voxel": "model/bookcase/IKEA_LACK_3/voxel.mat"}, {"iscrowd": 0, "segmentation": "mask/bookcase/0259.png", "model": "model/bookcase/IKEA_LACK_3/model.obj", "category_id": 1, "K": [2696.5158673, 968.0, 1296.0], "bbox": [634, 184, 523, 2392], "trans_mat": [0.035448765666600004, -0.048710246407599994, 1.1847657969], "area": 1251016, "image_id": 147, "id": 147, "rot_mat": [[0.8937158586550505, -0.030847130024668285, -0.4475716909699574], [0.08795705028460689, 0.9903197307831904, 0.107379644843613], [0.4399267226410518, -0.13533397722209503, 0.887777671106653]], "voxel": "model/bookcase/IKEA_LACK_3/voxel.mat"}, {"iscrowd": 0, "segmentation": "mask/bookcase/0260.png", "model": "model/bookcase/IKEA_LACK_3/model.obj", "category_id": 1, "K": [799.428725688, 214.0, 262.0], "bbox": [240, 0, 131, 524], "trans_mat": [-0.15113198335, 0.007302617529399981, 1.38515868891], "area": 68644, "image_id": 148, "id": 148, "rot_mat": [[0.8036535347718782, 0.0031276158579094885, -0.5950892488255111], [0.11863888643484731, 0.9790706571019396, 0.16536463656863115], [0.5831516189415623, -0.2034966005146558, 0.786462537508821]], "voxel": "model/bookcase/IKEA_LACK_3/voxel.mat"}, {"iscrowd": 0, "segmentation": "mask/bookcase/0261.png", "model": "model/bookcase/IKEA_LACK_3/model.obj", "category_id": 1, "K": [7707.62722332, 1000.0, 1000.0], "bbox": [792, 35, 397, 1923], "trans_mat": [0.00532583621078, 0.0026280275590600008, 3.99616157841], "area": 763431, "image_id": 149, "id": 149, "rot_mat": [[0.8984746996026987, 0.0001871826067686963, 0.4390252602487838], [-0.08004632759304241, 0.9833076364340221, 0.1633972997616677], [-0.4316663058575546, -0.18195069962275132, 0.8834920165423586]], "voxel": "model/bookcase/IKEA_LACK_3/voxel.mat"}, {"iscrowd": 0, "segmentation": "mask/bookcase/0262.png", "model": "model/bookcase/IKEA_LACK_3/model.obj", "category_id": 1, "K": [4646.57710046, 750.0, 750.0], "bbox": [632, 75, 280, 1370], "trans_mat": [-0.0176316750236, -0.004450923643990002, 3.39587389441], "area": 383600, "image_id": 150, "id": 150, "rot_mat": [[0.8944571117995831, 0.0017997551938242892, -0.44715012695110645], [0.042164903634321675, 0.9951966444090902, 0.08835021142247072], [0.44516131464072284, -0.0978795169487938, 0.8900848297264785]], "voxel": "model/bookcase/IKEA_LACK_3/voxel.mat"}, {"iscrowd": 0, "segmentation": "mask/bookcase/0263.png", "model": "model/bookcase/IKEA_LACK_3/model.obj", "category_id": 1, "K": [757.456306758, 150.0, 150.0], "bbox": [123, 18, 54, 264], "trans_mat": [-0.0003378368900980004, 0.0029237644693600002, 2.88886583122], "area": 14256, "image_id": 151, "id": 151, "rot_mat": [[0.8808874217927457, 0.0003783047363502168, -0.4733256880973775], [0.04613497495516866, 0.9951695417592579, 0.08665533590353569], [0.47107209025075497, -0.0981704641946604, 0.8766148788074438]], "voxel": "model/bookcase/IKEA_LACK_3/voxel.mat"}, {"iscrowd": 0, "segmentation": "mask/bookcase/0264.png", "model": "model/bookcase/IKEA_LACK_3/model.obj", "category_id": 1, "K": [1471.35093855, 200.0, 300.0], "bbox": [160, 144, 64, 386], "trans_mat": [0.023422027836200014, -0.0923475171067, 3.79475089156], "area": 24704, "image_id": 152, "id": 152, "rot_mat": [[0.0830160700840559, -0.010767454175167362, -0.9964900370994106], [0.0624085027771302, 0.9980350628377556, -0.0055849912761078285], [0.9945921329313419, -0.061725807220504934, 0.08352492941667782]], "voxel": "model/bookcase/IKEA_LACK_3/voxel.mat"}, {"iscrowd": 0, "segmentation": "mask/bookcase/0265.png", "model": "model/bookcase/IKEA_LACK_3/model.obj", "category_id": 1, "K": [1375.53368657, 250.0, 250.0], "bbox": [133, 89, 67, 319], "trans_mat": [0.257702696655, 0.008457310992800032, 4.29640682014], "area": 21373, "image_id": 153, "id": 153, "rot_mat": [[0.9005760047585637, -0.0024880704393797693, -0.4346914643268169], [0.06576963531574538, 0.9892516782817027, 0.13059660059614375], [0.4296943270786077, -0.14620166388356706, 0.8910599636130775]], "voxel": "model/bookcase/IKEA_LACK_3/voxel.mat"}, {"iscrowd": 0, "segmentation": "mask/bookcase/0266.png", "model": "model/bookcase/IKEA_LACK_3/model.obj", "category_id": 1, "K": [311.6624058353205, 143.5, 214.5], "bbox": [84, 13, 93, 401], "trans_mat": [0.022983012613900004, -0.025188714325399996, 0.853769510903], "area": 37293, "image_id": 154, "id": 154, "rot_mat": [[0.8754526049746193, 0.04594902331972312, -0.48111477185710766], [0.017711509582459498, 0.991751487825685, 0.12694600751441742], [0.48297933586382724, -0.11965648186163429, 0.8674175969376184]], "voxel": "model/bookcase/IKEA_LACK_3/voxel.mat"}, {"iscrowd": 0, "segmentation": "mask/bookcase/0267.png", "model": "model/bookcase/IKEA_LACK_3/model.obj", "category_id": 1, "K": [471.5473621131447, 118.0, 149.0], "bbox": [34, 10, 48, 284], "trans_mat": [0.219404851672, -0.019138411133399973, 1.6882174160600005], "area": 13632, "image_id": 155, "id": 155, "rot_mat": [[0.9868449583930438, -0.025313939064562984, 0.15967539755161841], [0.0036397468426292534, 0.9908939640912375, 0.13459533487634234], [-0.1616285257532016, -0.13224354962185778, 0.9779508490953202]], "voxel": "model/bookcase/IKEA_LACK_3/voxel.mat"}, {"iscrowd": 0, "segmentation": "mask/bookcase/0268.png", "model": "model/bookcase/IKEA_LACK_3/model.obj", "category_id": 1, "K": [555.443347934, 400.0, 400.0], "bbox": [336, 239, 103, 444], "trans_mat": [0.021838997067900018, -0.145474893518, 1.28488551181], "area": 45732, "image_id": 156, "id": 156, "rot_mat": [[0.7201597558344505, 0.023994686279309643, 0.6933932369924171], [-0.13585490035403078, 0.9849319998688489, 0.10701589453976432], [-0.6803773747900947, -0.17126940959992565, 0.7125681842525892]], "voxel": "model/bookcase/IKEA_LACK_3/voxel.mat"}, {"iscrowd": 0, "segmentation": "mask/bookcase/0269.png", "model": "model/bookcase/IKEA_LACK_3/model.obj", "category_id": 1, "K": [1405.95678608, 360.0, 355.0], "bbox": [0, 0, 207, 710], "trans_mat": [0.269762793685, 0.003845691906490033, 1.4892693442], "area": 146970, "image_id": 157, "id": 157, "rot_mat": [[0.8863920514602719, -0.0050481459685545555, -0.46290781731391256], [0.05705307757793723, 0.9935088742438236, 0.09841271837347197], [0.4594062226906993, -0.11364256694148808, 0.8809263814485369]], "voxel": "model/bookcase/IKEA_LACK_3/voxel.mat"}, {"iscrowd": 0, "segmentation": "mask/bookcase/0270.png", "model": "model/bookcase/IKEA_LACK_3/model.obj", "category_id": 1, "K": [369.693938146, 143.5, 107.5], "bbox": [117, 4, 40, 198], "trans_mat": [0.03945437653310001, 0.013395623714800005, 1.87360495022], "area": 7920, "image_id": 158, "id": 158, "rot_mat": [[0.9459020116849143, -0.016893370341360778, 0.3240123428651164], [-0.05517050830680793, 0.9757255010071794, 0.21193386161125163], [-0.31972738278664925, -0.21834459169578338, 0.9220086984262139]], "voxel": "model/bookcase/IKEA_LACK_3/voxel.mat"}, {"iscrowd": 0, "segmentation": "mask/bookcase/0271.png", "model": "model/bookcase/IKEA_LACK_3/model.obj", "category_id": 1, "K": [433.796085036, 107.0, 160.0], "bbox": [31, 33, 53, 243], "trans_mat": [0.209875111575, 0.017205610854300023, 1.82482320875], "area": 12879, "image_id": 159, "id": 159, "rot_mat": [[0.6145998036043779, -0.028278838896313628, 0.7883320294648292], [-0.12266350566761935, 0.9837750930888274, 0.13092070346358142], [-0.7792437011531053, -0.1771634090006891, 0.6011591974880403]], "voxel": "model/bookcase/IKEA_LACK_3/voxel.mat"}, {"iscrowd": 0, "segmentation": "mask/bookcase/0272.png", "model": "model/bookcase/IKEA_LACK_3/model.obj", "category_id": 1, "K": [1135.38076422, 480.0, 640.0], "bbox": [303, 76, 317, 1204], "trans_mat": [0.009898513712660007, -0.0540841703246, 1.00017726592], "area": 381668, "image_id": 160, "id": 160, "rot_mat": [[0.8041865290571916, 0.07097460308954957, 0.5901242514921985], [-0.13085075880982938, 0.9896274380571005, 0.05929260294026145], [-0.5797948821797572, -0.12490051865713188, 0.8051321351413946]], "voxel": "model/bookcase/IKEA_LACK_3/voxel.mat"}, {"iscrowd": 0, "segmentation": "mask/bookcase/0273.png", "model": "model/bookcase/IKEA_LACK_3/model.obj", "category_id": 1, "K": [7367.89281564, 1000.0, 1000.0], "bbox": [805, 48, 393, 1902], "trans_mat": [-0.0017641480182700006, 0.00482658803298, 3.85925705947], "area": 747486, "image_id": 161, "id": 161, "rot_mat": [[0.886336971863802, 0.00020196059110370027, -0.46304074498819797], [0.05354466487518465, 0.9932467379345375, 0.10292660708390375], [0.45993449660871266, -0.1160210187609115, 0.8803404921023287]], "voxel": "model/bookcase/IKEA_LACK_3/voxel.mat"}, {"iscrowd": 0, "segmentation": "mask/bookcase/0274.png", "model": "model/bookcase/IKEA_LACK_3/model.obj", "category_id": 1, "K": [357.4071612558592, 118.0, 157.0], "bbox": [122, 21, 61, 284], "trans_mat": [-0.120720947075, -0.03908810638980001, 1.3015711715], "area": 17324, "image_id": 162, "id": 162, "rot_mat": [[0.8785941208601394, -0.005382476986350077, -0.47753889865799426], [0.09448835897418999, 0.9821286928378614, 0.1627734029961846], [0.46812853022259104, -0.18813362178538187, 0.8634010768730553]], "voxel": "model/bookcase/IKEA_LACK_3/voxel.mat"}, {"iscrowd": 0, "segmentation": "mask/bookcase/0275.png", "model": "model/bookcase/IKEA_LACK_3/model.obj", "category_id": 1, "K": [2116.29539396, 374.5, 590.5], "bbox": [253, 126, 227, 1055], "trans_mat": [0.005624715134310008, -0.0616438043099, 2.05134796593], "area": 239485, "image_id": 163, "id": 163, "rot_mat": [[0.5928603158577795, 0.013486444350597697, 0.805192375584737], [-0.040755753315448416, 0.9990809575575608, 0.013274366936242508], [-0.804273345606271, -0.040686067205444224, 0.5928651022641238]], "voxel": "model/bookcase/IKEA_LACK_3/voxel.mat"}, {"iscrowd": 0, "segmentation": "mask/bookcase/0276.png", "model": "model/bookcase/IKEA_LACK_3/model.obj", "category_id": 1, "K": [1256.25576863, 368.0, 549.5], "bbox": [410, 110, 227, 989], "trans_mat": [-0.150430768964, -0.08711033957130002, 1.26247901547], "area": 224503, "image_id": 164, "id": 164, "rot_mat": [[0.7908093367424525, -0.0024747751163252335, -0.6120575695219249], [0.09730760463830897, 0.9877815839516301, 0.12173238059597452], [0.604277935225602, -0.1558249591501062, 0.7813877136897859]], "voxel": "model/bookcase/IKEA_LACK_3/voxel.mat"}, {"iscrowd": 0, "segmentation": "mask/bookcase/0277.png", "model": "model/bookcase/IKEA_LACK_3/model.obj", "category_id": 1, "K": [936.168113526, 300.0, 450.0], "bbox": [176, 0, 315, 896], "trans_mat": [-0.01240537151769999, -0.066796371292, 0.904161246357], "area": 282240, "image_id": 165, "id": 165, "rot_mat": [[0.6549617778722068, -0.024046887367606313, 0.7552792971705286], [-0.4264548052253068, 0.8133579778836412, 0.39570835082580713], [-0.6238279960267282, -0.5812663305413139, 0.5224634765725853]], "voxel": "model/bookcase/IKEA_LACK_3/voxel.mat"}, {"iscrowd": 0, "segmentation": "mask/bookcase/0278.png", "model": "model/bookcase/IKEA_LACK_3/model.obj", "category_id": 1, "K": [974.850179522, 384.0, 512.0], "bbox": [179, 0, 367, 1024], "trans_mat": [0.020887181785900013, -0.12055314321, 0.680813071761], "area": 375808, "image_id": 166, "id": 166, "rot_mat": [[0.9954535410985791, -0.012854897625935774, 0.09437689929917135], [-0.028715959009141107, 0.9042433631993979, 0.42605085824115774], [-0.09081652499674578, -0.42682395869593415, 0.8997631171984363]], "voxel": "model/bookcase/IKEA_LACK_3/voxel.mat"}, {"iscrowd": 0, "segmentation": "mask/bookcase/0279.png", "model": "model/bookcase/IKEA_LACK_3/model.obj", "category_id": 1, "K": [835.435799988, 368.0, 368.0], "bbox": [29, 0, 165, 736], "trans_mat": [0.316938266559, -0.05444462518989996, 1.03594029414], "area": 121440, "image_id": 167, "id": 167, "rot_mat": [[0.8559210861260617, -0.006974989968569292, 0.5170594200280287], [-0.02844824377189448, 0.9977595862133676, 0.060551676654114116], [-0.5163233403121323, -0.06653688927405518, 0.853805042509503]], "voxel": "model/bookcase/IKEA_LACK_3/voxel.mat"}, {"iscrowd": 0, "segmentation": "mask/bookcase/0280.png", "model": "model/bookcase/IKEA_LACK_3/model.obj", "category_id": 1, "K": [952.2236074070001, 200.0, 299.5], "bbox": [125, 6, 112, 552], "trans_mat": [0.0436417073797, 0.017367741504900006, 1.73804137334], "area": 61824, "image_id": 168, "id": 168, "rot_mat": [[0.9514009932577234, -0.019257998093482886, 0.3073520449543954], [-0.052103006792312404, 0.9735882014469175, 0.22228650585799553], [-0.30351511776420215, -0.22749756814697566, 0.9252693822751268]], "voxel": "model/bookcase/IKEA_LACK_3/voxel.mat"}, {"iscrowd": 0, "segmentation": "mask/bookcase/0281.png", "model": "model/bookcase/IKEA_LACK_3/model.obj", "category_id": 1, "K": [866.5914851, 368.0, 368.0], "bbox": [293, 73, 128, 613], "trans_mat": [0.018651982754600005, -0.028901855527699995, 1.46414478456], "area": 78464, "image_id": 169, "id": 169, "rot_mat": [[0.8407245404195449, 0.001007349266444629, 0.5414621246068834], [-0.08287539426091821, 0.9884548553698593, 0.12684111290054118], [-0.5350830927645184, -0.15151232340376097, 0.8311017384739079]], "voxel": "model/bookcase/IKEA_LACK_3/voxel.mat"}, {"iscrowd": 0, "segmentation": "mask/bookcase/0282.png", "model": "model/bookcase/IKEA_LACK_3/model.obj", "category_id": 1, "K": [977.2965670172831, 205.5, 325.0], "bbox": [157, 72, 123, 578], "trans_mat": [-0.020957857036, -0.0641930348405, 1.7454118759599981], "area": 71094, "image_id": 170, "id": 170, "rot_mat": [[0.5892635747197675, -0.011142748560168746, -0.8078640223843403], [0.034854212529760155, 0.999324625442928, 0.011639452404726738], [0.8071887160865242, -0.035016169663120586, 0.5892539728204743]], "voxel": "model/bookcase/IKEA_LACK_3/voxel.mat"}, {"iscrowd": 0, "segmentation": "mask/bookcase/0283.png", "model": "model/bookcase/IKEA_LACK_3/model.obj", "category_id": 1, "K": [809.4531660749999, 368.0, 368.0], "bbox": [321, 57, 126, 600], "trans_mat": [-0.025698104023, 0.004635295600599996, 1.40490916092], "area": 75600, "image_id": 171, "id": 171, "rot_mat": [[0.8526697855595256, 0.002942226441793103, 0.5224419394511106], [-0.0893559292151531, 0.9860710551583911, 0.14028325663782445], [-0.5147521293865323, -0.16629857931558642, 0.8410559005260282]], "voxel": "model/bookcase/IKEA_LACK_3/voxel.mat"}, {"iscrowd": 0, "segmentation": "mask/bookcase/0284.png", "model": "model/bookcase/IKEA_LACK_3/model.obj", "category_id": 1, "K": [1479.97635891, 175.0, 175.0], "bbox": [141, 5, 70, 340], "trans_mat": [-0.005484030275469, 0.0023908133263099993, 4.33076036224], "area": 23800, "image_id": 172, "id": 172, "rot_mat": [[0.8952850328572867, 0.005864312416285165, -0.44545518268576867], [0.060395979003513255, 0.9890840782149976, 0.13440614547629842], [0.4413808283805885, -0.1472355122294649, 0.8851579905737691]], "voxel": "model/bookcase/IKEA_LACK_3/voxel.mat"}, {"iscrowd": 0, "segmentation": "mask/bookcase/0285.png", "model": "model/bookcase/IKEA_LACK_3/model.obj", "category_id": 1, "K": [2070.82871261, 250.0, 250.0], "bbox": [204, 30, 91, 435], "trans_mat": [-0.001149096574070001, 0.00917166528828, 4.73591627152], "area": 39585, "image_id": 173, "id": 173, "rot_mat": [[0.8899074686378399, 0.006344251513535298, -0.4560969718550267], [0.05083589131434172, 0.9922947485617792, 0.11299046035392445], [0.4532994699057881, -0.12373715064380764, 0.8827279921548219]], "voxel": "model/bookcase/IKEA_LACK_3/voxel.mat"}, {"iscrowd": 0, "segmentation": "mask/bookcase/0286.png", "model": "model/bookcase/IKEA_LACK_3/model.obj", "category_id": 1, "K": [1229.73140645, 425.0, 425.0], "bbox": [51, 105, 166, 669], "trans_mat": [0.444064484122, -0.023731847497599944, 1.8906863253], "area": 111054, "image_id": 174, "id": 174, "rot_mat": [[0.8533456389081063, 0.025724046111970367, -0.5207105664456456], [0.011255057197984485, 0.9976401919921982, 0.06773013368685896], [0.5212240825633309, -0.06365784141328475, 0.8510423814256345]], "voxel": "model/bookcase/IKEA_LACK_3/voxel.mat"}, {"iscrowd": 0, "segmentation": "mask/bookcase/0287.png", "model": "model/bookcase/IKEA_LACK_3/model.obj", "category_id": 1, "K": [495.707713361458, 180.0, 270.0], "bbox": [215, 32, 94, 447], "trans_mat": [-0.183100644362, 0.048399427098999984, 1.16312575725], "area": 42018, "image_id": 175, "id": 175, "rot_mat": [[0.9278648590171928, -0.011558680955538072, 0.37273744149947274], [0.06348843695712676, 0.9898239874244619, -0.12734870353435], [-0.36747247757314516, 0.14182690440712198, 0.9191567371305871]], "voxel": "model/bookcase/IKEA_LACK_3/voxel.mat"}, {"iscrowd": 0, "segmentation": "mask/bookcase/0288.png", "model": "model/bookcase/IKEA_LACK_3/model.obj", "category_id": 1, "K": [1818.54553308, 1000.0, 1000.0], "bbox": [1213, 0, 472, 1985], "trans_mat": [-0.233907924237, 0.01844917869979997, 0.894543651249], "area": 936920, "image_id": 176, "id": 176, "rot_mat": [[0.8001999487755158, 0.07517014710325086, -0.595003773907475], [0.051481100713927815, 0.9798425304238282, 0.19302412243528472], [0.5975196551151639, -0.18508934209485153, 0.7802001007395158]], "voxel": "model/bookcase/IKEA_LACK_3/voxel.mat"}, {"iscrowd": 0, "segmentation": "mask/bookcase/0289.png", "model": "model/bookcase/IKEA_LACK_3/model.obj", "category_id": 1, "K": [1788.8369922299999, 392.5, 384.0], "bbox": [98, 109, 97, 526], "trans_mat": [0.467526131959, 0.02309713261110006, 3.39912334744], "area": 51022, "image_id": 177, "id": 177, "rot_mat": [[0.9990212291824129, -0.017955017099539696, -0.04042525205630679], [0.021348236852935364, 0.9961406626982069, 0.08513537985143464], [0.038740630172103184, -0.08591505968182953, 0.9955489772450855]], "voxel": "model/bookcase/IKEA_LACK_3/voxel.mat"}, {"iscrowd": 0, "segmentation": "mask/bookcase/0098.png", "model": "model/bookcase/IKEA_EXPEDIT_2/model.obj", "category_id": 1, "K": [524.667029042, 300.0, 199.5], "bbox": [91, 51, 435, 348], "trans_mat": [0.001430689068680016, -0.132956207838, 0.927994435784], "area": 151380, "image_id": 178, "id": 178, "rot_mat": [[0.9289651408630688, -0.01000555422268455, 0.37003196611368], [-0.02571947814504966, 0.9954741623658583, 0.09148606727769466], [-0.36927263032237445, -0.09450439644106237, 0.9245034578345857]], "voxel": "model/bookcase/IKEA_EXPEDIT_2/voxel.mat"}, {"iscrowd": 0, "segmentation": "mask/bookcase/0099.png", "model": "model/bookcase/IKEA_EXPEDIT_2/model.obj", "category_id": 1, "K": [930.532045205, 384.0, 512.0], "bbox": [22, 415, 583, 609], "trans_mat": [0.07482150026820003, -0.214408646419, 1.2171488013], "area": 355047, "image_id": 179, "id": 179, "rot_mat": [[0.9488090660811267, -0.0017781406948244912, -0.3158452062924646], [0.026400093802209874, 0.9969313907898552, 0.07369421351123666], [0.31474496210343794, -0.078260080970279, 0.9459444849234181]], "voxel": "model/bookcase/IKEA_EXPEDIT_2/voxel.mat"}, {"iscrowd": 0, "segmentation": "mask/bookcase/0100.png", "model": "model/bookcase/IKEA_EXPEDIT_2/model.obj", "category_id": 1, "K": [1832.8272300416472, 500.0, 500.0], "bbox": [138, 161, 688, 781], "trans_mat": [-0.0044316086822, -0.0009816230377260008, 1.97277222591], "area": 537328, "image_id": 180, "id": 180, "rot_mat": [[0.7104197997418183, 0.005039013302749724, 0.7037601270885766], [-0.1823866658551525, 0.9671295580069016, 0.17718781602473685], [-0.6797343688920222, -0.2542341959184676, 0.6879870357591445]], "voxel": "model/bookcase/IKEA_EXPEDIT_2/voxel.mat"}, {"iscrowd": 0, "segmentation": "mask/bookcase/0101.png", "model": "model/bookcase/IKEA_EXPEDIT_2/model.obj", "category_id": 1, "K": [2891.38748397, 250.0, 250.0], "bbox": [35, 29, 430, 441], "trans_mat": [0.0003759457861659978, 0.0181064500368, 5.07118962199], "area": 189630, "image_id": 181, "id": 181, "rot_mat": [[0.8773790930781792, 0.001033065555997854, -0.47979668590442415], [0.09310126223690264, 0.9806242413605427, 0.17236081986912058], [0.4706783211485389, -0.19589545689376506, 0.8602830278281537]], "voxel": "model/bookcase/IKEA_EXPEDIT_2/voxel.mat"}, {"iscrowd": 0, "segmentation": "mask/bookcase/0102.png", "model": "model/bookcase/IKEA_EXPEDIT_2/model.obj", "category_id": 1, "K": [861.781370675, 280.0, 280.0], "bbox": [0, 0, 560, 500], "trans_mat": [-0.028527424988000018, 0.15238010458499998, 1.22064588826], "area": 280000, "image_id": 182, "id": 182, "rot_mat": [[0.8099949271519196, 0.012495036950208005, -0.5863037540727243], [0.41677624319327605, 0.6910778117914496, 0.5905158940784242], [0.4125600333258856, -0.7226723545986484, 0.5545618872596543]], "voxel": "model/bookcase/IKEA_EXPEDIT_2/voxel.mat"}, {"iscrowd": 0, "segmentation": "mask/bookcase/0103.png", "model": "model/bookcase/IKEA_EXPEDIT_2/model.obj", "category_id": 1, "K": [1928.03913336, 150.0, 150.0], "bbox": [21, 19, 257, 263], "trans_mat": [0.002478124488149998, 0.015878945704799998, 5.62713709295], "area": 67591, "image_id": 183, "id": 183, "rot_mat": [[0.8734649696799622, 0.0014585795176656742, -0.4868848111081032], [0.08804481115492621, 0.9830363868482078, 0.1608961570737911], [0.4788601653621609, -0.18340483820829626, 0.8585194274744822]], "voxel": "model/bookcase/IKEA_EXPEDIT_2/voxel.mat"}, {"iscrowd": 0, "segmentation": "mask/bookcase/0104.png", "model": "model/bookcase/IKEA_EXPEDIT_2/model.obj", "category_id": 1, "K": [1248.2417358229102, 384.0, 576.0], "bbox": [33, 363, 706, 663], "trans_mat": [0.004362070745290013, -0.103507980372, 1.39711932598], "area": 468078, "image_id": 184, "id": 184, "rot_mat": [[0.998945401332478, -0.009079980346215481, 0.04500710070207573], [0.0013993689794102773, 0.9858158893119786, 0.16782453380388765], [-0.04589255847252263, -0.16758456473358488, 0.9847889554315182]], "voxel": "model/bookcase/IKEA_EXPEDIT_2/voxel.mat"}, {"iscrowd": 0, "segmentation": "mask/bookcase/0105.png", "model": "model/bookcase/IKEA_EXPEDIT_2/model.obj", "category_id": 1, "K": [744.6147182188872, 250.0, 250.0], "bbox": [111, 129, 261, 270], "trans_mat": [0.016905087539900002, -0.015515745387199997, 2.14403516658], "area": 70470, "image_id": 185, "id": 185, "rot_mat": [[0.8571080214669374, 0.003640673561945627, 0.515123854071084], [-0.04174228586865747, 0.9971775008954847, 0.06240683679129132], [-0.513442714533463, -0.07499184758259356, 0.8548408048804513]], "voxel": "model/bookcase/IKEA_EXPEDIT_2/voxel.mat"}, {"iscrowd": 0, "segmentation": "mask/bookcase/0106.png", "model": "model/bookcase/IKEA_EXPEDIT_2/model.obj", "category_id": 1, "K": [14599.284825, 1000.0, 1000.0], "bbox": [55, 43, 1874, 1914], "trans_mat": [0.0024488565400999983, 0.0157711423569, 5.85643067053], "area": 3586836, "image_id": 186, "id": 186, "rot_mat": [[0.876912679611032, -0.0005709010796001917, 0.4806493799115493], [-0.0877197067116956, 0.983014633215808, 0.16120633963341702], [-0.4725774067724923, -0.18352630589522528, 0.861967916834866]], "voxel": "model/bookcase/IKEA_EXPEDIT_2/voxel.mat"}, {"iscrowd": 0, "segmentation": "mask/bookcase/0107.png", "model": "model/bookcase/IKEA_EXPEDIT_2/model.obj", "category_id": 1, "K": [15516.035856816121, 1000.0, 1000.0], "bbox": [80, 41, 1855, 1904], "trans_mat": [-0.003408107687320002, 0.0167235231355, 6.29564578968], "area": 3531920, "image_id": 187, "id": 187, "rot_mat": [[0.887651157669346, 0.002549088424956647, -0.4605094184014827], [0.0895214902708845, 0.9799534333999426, 0.17798081679592453], [0.45173147451550244, -0.19921036749091717, 0.8696286014248749]], "voxel": "model/bookcase/IKEA_EXPEDIT_2/voxel.mat"}, {"iscrowd": 0, "segmentation": "mask/bookcase/0108.png", "model": "model/bookcase/IKEA_EXPEDIT_2/model.obj", "category_id": 1, "K": [16075.49944742118, 1000.0, 1000.0], "bbox": [70, 32, 1867, 1926], "trans_mat": [-0.001351516055700002, 0.0156979565542, 6.4769852792], "area": 3595842, "image_id": 188, "id": 188, "rot_mat": [[0.8839877245564035, 0.001237527756794975, -0.46750847196456574], [0.09452237731415113, 0.9788713244995797, 0.1813186428895818], [0.4578550240201293, -0.20447346673221348, 0.8651932607123318]], "voxel": "model/bookcase/IKEA_EXPEDIT_2/voxel.mat"}, {"iscrowd": 0, "segmentation": "mask/bookcase/0109.png", "model": "model/bookcase/IKEA_EXPEDIT_2/model.obj", "category_id": 1, "K": [2153.8810801, 500.0, 482.0], "bbox": [366, 341, 280, 286], "trans_mat": [-0.012822703710700002, 0.010337671599599998, 5.77654785458], "area": 80080, "image_id": 189, "id": 189, "rot_mat": [[0.8869656831958037, -0.006791248037830539, -0.461785400140682], [0.08585587627874845, 0.9848868165145475, 0.1504218307435733], [0.4537848006945686, -0.17306599205484777, 0.8741438766316801]], "voxel": "model/bookcase/IKEA_EXPEDIT_2/voxel.mat"}, {"iscrowd": 0, "segmentation": "mask/bookcase/0110.png", "model": "model/bookcase/IKEA_EXPEDIT_2/model.obj", "category_id": 1, "K": [7676.17910326, 500.0, 500.0], "bbox": [38, 20, 920, 947], "trans_mat": [0.0014857507019599976, 0.0195752305608, 6.27842084032], "area": 871240, "image_id": 190, "id": 190, "rot_mat": [[0.8812014176717042, 0.0024827259647468916, -0.4727344895024719], [0.09316771292042404, 0.9794618671601437, 0.17881338889563714], [0.463469350402544, -0.2016142029990667, 0.8628718759969495]], "voxel": "model/bookcase/IKEA_EXPEDIT_2/voxel.mat"}, {"iscrowd": 0, "segmentation": "mask/bookcase/0111.png", "model": "model/bookcase/IKEA_EXPEDIT_2/model.obj", "category_id": 1, "K": [1798.68745302, 771.0, 460.0], "bbox": [47, 43, 652, 739], "trans_mat": [0.417273279832, 0.10331766965700005, 2.10506769775], "area": 481828, "image_id": 191, "id": 191, "rot_mat": [[0.5493113149607675, -0.02905776275204652, 0.835112403021245], [-0.2714823608213854, 0.9389745070437362, 0.21124441503817254], [-0.7902875470478574, -0.34275723412616454, 0.5079006511467199]], "voxel": "model/bookcase/IKEA_EXPEDIT_2/voxel.mat"}, {"iscrowd": 0, "segmentation": "mask/bookcase/0112.png", "model": "model/bookcase/IKEA_EXPEDIT_2/model.obj", "category_id": 1, "K": [1404.0433421, 315.0, 420.0], "bbox": [50, 233, 499, 554], "trans_mat": [0.050181915976900006, -0.0742519391521, 2.02816502446], "area": 276446, "image_id": 192, "id": 192, "rot_mat": [[0.704733669368006, -0.029424528836986052, -0.7088615184659325], [0.10055744760880166, 0.9931954748104974, 0.05874477463020522], [0.7023095150925333, -0.11268072558637467, 0.7028971468798396]], "voxel": "model/bookcase/IKEA_EXPEDIT_2/voxel.mat"}, {"iscrowd": 0, "segmentation": "mask/bookcase/0113.png", "model": "model/bookcase/IKEA_EXPEDIT_2/model.obj", "category_id": 1, "K": [664.165884782767, 122.5, 122.5], "bbox": [13, 51, 219, 194], "trans_mat": [0.0074229747092000135, -0.10306989790880002, 2.23605907226], "area": 42486, "image_id": 193, "id": 193, "rot_mat": [[0.9986822851294503, -0.004906519350422574, 0.05108443438546861], [-0.0024013280210984627, 0.9898610864487284, 0.14201853103830617], [-0.05126331039207677, -0.14195406159179516, 0.9885449496129342]], "voxel": "model/bookcase/IKEA_EXPEDIT_2/voxel.mat"}, {"iscrowd": 0, "segmentation": "mask/bookcase/0323.png", "model": "model/bookcase/IKEA_BILLY_6/model.obj", "category_id": 1, "K": [1660.39927388, 252.5, 512.0], "bbox": [50, 63, 399, 953], "trans_mat": [-0.003039113606259997, -0.0258166861211, 1.73433504799], "area": 380247, "image_id": 825, "id": 825, "rot_mat": [[0.9089461598879227, 0.01135287626529903, -0.4167589118729239], [0.03180602941019834, 0.9948277222814523, 0.09646854136688876], [0.4156985144526696, -0.10094015643341524, 0.9038837480013906]], "voxel": "model/bookcase/IKEA_BILLY_6/voxel.mat"}, {"iscrowd": 0, "segmentation": "mask/bookcase/0324.png", "model": "model/bookcase/IKEA_BILLY_6/model.obj", "category_id": 1, "K": [659.6432360021016, 250.0, 250.0], "bbox": [104, 14, 234, 486], "trans_mat": [0.055912533153300005, -0.08382152020429999, 1.18736582889], "area": 113724, "image_id": 826, "id": 826, "rot_mat": [[0.9153405640070797, -0.01726214932070098, -0.40231041508272064], [0.05564295776020954, 0.9949185853178016, 0.0839098911983543], [0.39881764396136826, -0.09919186856821452, 0.9116498560714247]], "voxel": "model/bookcase/IKEA_BILLY_6/voxel.mat"}, {"iscrowd": 0, "segmentation": "mask/bookcase/0331.png", "model": "model/bookcase/IKEA_BILLY_6/model.obj", "category_id": 1, "K": [1385.86935967, 512.0, 384.0], "bbox": [57, 152, 246, 546], "trans_mat": [0.559035230616, -0.06326700236419994, 2.3910460175], "area": 134316, "image_id": 827, "id": 827, "rot_mat": [[0.9812360111559603, -0.0017601744499868414, 0.19280246937382806], [-0.03214751428431148, 0.9844677761837785, 0.17259703062656054], [-0.19011161915064603, -0.17555654200761503, 0.9659386485808755]], "voxel": "model/bookcase/IKEA_BILLY_6/voxel.mat"}, {"iscrowd": 0, "segmentation": "mask/tool/0043.png", "model": "model/tool/SS_8/model.obj", "category_id": 2, "K": [564.354531363, 2016.0, 1512.0], "bbox": [745, 457, 3094, 1584], "trans_mat": [-0.04224972542730001, 0.0812803983003, 0.273832773718], "area": 4900896, "image_id": 934, "id": 934, "rot_mat": [[0.13105601537821335, -0.0331572866506772, 0.9908203243651951], [-0.9912817444381622, 0.009322748061603513, 0.13142902842300122], [-0.01359499822801444, -0.9994066643316647, -0.031646410738590765]], "voxel": "model/tool/SS_8/voxel.mat"}, {"iscrowd": 0, "segmentation": "mask/tool/0044.png", "model": "model/tool/SS_8/model.obj", "category_id": 2, "K": [4923.05267441, 2016.0, 1512.0], "bbox": [686, 663, 2851, 1388], "trans_mat": [-0.05321959282920002, 0.0926163539125, 1.6650642125], "area": 3957188, "image_id": 935, "id": 935, "rot_mat": [[-0.2992948332715592, -0.17319829401203257, 0.9383096257250435], [-0.6209232843637722, 0.7820293642133119, -0.05370613040453969], [-0.7244838698769323, -0.5986922619004231, -0.34160020173984007]], "voxel": "model/tool/SS_8/voxel.mat"}, {"iscrowd": 0, "segmentation": "mask/tool/0045.png", "model": "model/tool/SS_8/model.obj", "category_id": 2, "K": [449.119161114, 2016.0, 1512.0], "bbox": [824, 427, 3085, 1614], "trans_mat": [-0.07995230016590002, 0.07041249452599999, 0.237570855377], "area": 4979190, "image_id": 936, "id": 936, "rot_mat": [[0.0827798606255984, -0.04220809466864383, 0.9956736269577744], [-0.9950811522537834, -0.058054217422749334, 0.08026959741218899], [0.05441502645491644, -0.9974207660680997, -0.04680619950429425]], "voxel": "model/tool/SS_8/voxel.mat"}, {"iscrowd": 0, "segmentation": "mask/tool/0046.png", "model": "model/tool/SS_8/model.obj", "category_id": 2, "K": [3370.30943642, 2016.0, 1512.0], "bbox": [1121, 668, 2638, 1681], "trans_mat": [-0.17009025866, 0.02372942945059998, 1.05193992605], "area": 4434478, "image_id": 937, "id": 937, "rot_mat": [[0.2454022296824524, -0.4717595113572149, -0.84688884105937], [0.8613928872009351, 0.5068821264274228, -0.032753683579883], [0.44472467836462365, -0.7214661969575678, 0.530760291563966]], "voxel": "model/tool/SS_8/voxel.mat"}, {"iscrowd": 0, "segmentation": "mask/tool/0026.png", "model": "model/tool/SS_6/model.obj", "category_id": 2, "K": [1009.30051219, 1512.0, 2016.0], "bbox": [1081, 858, 319, 2022], "trans_mat": [0.161710813334, 0.06198909190790002, 0.517704214796], "area": 645018, "image_id": 1051, "id": 1051, "rot_mat": [[0.9105286418390444, 0.03712516132596438, 0.41177580646180084], [-0.06369595217181828, 0.9966659694750079, 0.05098794923674022], [-0.4085099975125098, -0.07265444024258998, 0.909857634053463]], "voxel": "model/tool/SS_6/voxel.mat"}, {"iscrowd": 0, "segmentation": "mask/tool/0027.png", "model": "model/tool/SS_6/model.obj", "category_id": 2, "K": [4419.63152656, 1512.0, 2016.0], "bbox": [1450, 1559, 275, 917], "trans_mat": [-0.047695593897199996, -0.03563975780640001, 2.58851342064], "area": 252175, "image_id": 1052, "id": 1052, "rot_mat": [[-0.6417423467725945, 0.10274933641530831, -0.7600061409127014], [0.6833488041548649, 0.5264617260491117, -0.5058383762285206], [0.3481395872619476, -0.8439671941915776, -0.4080664197278145]], "voxel": "model/tool/SS_6/voxel.mat"}, {"iscrowd": 0, "segmentation": "mask/tool/0028.png", "model": "model/tool/SS_6/model.obj", "category_id": 2, "K": [2525.29815228, 1512.0, 2016.0], "bbox": [1658, 1402, 248, 774], "trans_mat": [-0.287470811621, 0.22283653407299997, 2.73626636383], "area": 191952, "image_id": 1053, "id": 1053, "rot_mat": [[0.8914241885484702, 0.27576550488712326, -0.35960575966612623], [0.04095271469256675, 0.7412659422876939, 0.6699609525663766], [0.4513156226301179, -0.6119462305780529, 0.6494890450587306]], "voxel": "model/tool/SS_6/voxel.mat"}, {"iscrowd": 0, "segmentation": "mask/tool/0029.png", "model": "model/tool/SS_6/model.obj", "category_id": 2, "K": [2581.14274153, 1512.0, 2016.0], "bbox": [1439, 105, 262, 2301], "trans_mat": [-0.01605799133830003, 0.251598121527, 1.1663174454], "area": 602862, "image_id": 1054, "id": 1054, "rot_mat": [[0.16660244603620475, 0.04545084090043602, -0.9849760636869287], [0.5199209982957249, 0.84473266409601, 0.12692076953924605], [0.8378101100523496, -0.5332550489875374, 0.11710368151074008]], "voxel": "model/tool/SS_6/voxel.mat"}, {"iscrowd": 0, "segmentation": "mask/tool/0030.png", "model": "model/tool/SS_6/model.obj", "category_id": 2, "K": [3372.71564648, 1512.0, 2016.0], "bbox": [1634, 332, 592, 2420], "trans_mat": [-0.129525480747, 0.07661193557399999, 1.22002587519], "area": 1432640, "image_id": 1055, "id": 1055, "rot_mat": [[0.8109868466268036, -0.06577410977903582, 0.5813553999758568], [-0.3471862361024569, 0.7456904182809304, 0.568689297899143], [-0.4709161836880553, -0.6630381335690931, 0.5819092552743007]], "voxel": "model/tool/SS_6/voxel.mat"}, {"iscrowd": 0, "segmentation": "mask/tool/0031.png", "model": "model/tool/SS_6/model.obj", "category_id": 2, "K": [3200.3929299099996, 1512.0, 2016.0], "bbox": [1314, 92, 338, 2532], "trans_mat": [0.00833274697190998, 0.170714149898, 1.23800853648], "area": 855816, "image_id": 1056, "id": 1056, "rot_mat": [[0.498361404918384, -0.045580303636570584, 0.865770377183334], [-0.415668056328211, 0.8637937374841417, 0.2847462836131581], [-0.7608258519767199, -0.5017796478570807, 0.41153518435283565]], "voxel": "model/tool/SS_6/voxel.mat"}, {"iscrowd": 0, "segmentation": "mask/tool/0032.png", "model": "model/tool/SS_6/model.obj", "category_id": 2, "K": [999999.987918, 2016.0, 1512.0], "bbox": [489, 708, 2574, 559], "trans_mat": [0.09530634841619998, 0.175699684191, 367.749225416], "area": 1438866, "image_id": 1057, "id": 1057, "rot_mat": [[0.2195675513411593, -0.9674918950526884, 0.12549710516743073], [0.06904726465188925, -0.11290295674232254, -0.9912040141176452], [0.9731508442385175, 0.22630147009288082, 0.042012843175172246]], "voxel": "model/tool/SS_6/voxel.mat"}, {"iscrowd": 0, "segmentation": "mask/tool/0033.png", "model": "model/tool/SS_6/model.obj", "category_id": 2, "K": [4049.6823041599996, 2016.0, 1512.0], "bbox": [132, 617, 3857, 611], "trans_mat": [0.07447698268809999, 0.140687917967, 0