{"licenses": {}, "info": {"url": "https://github.com/xingyuansun/pix3d", "contributor": "Pix3D", "year": 2018, "description": "Dataset of paper https://arxiv.org/abs/1804.04610"}, "categories": [{"id": 1, "name": "table"}], "annotations": [{"iscrowd": 0, "segmentation": "mask/table/0068.png", "model": "model/table/IKEA_LIATORP_1/model.obj", "category_id": 1, "K": [1039.3327803857585, 512.0, 384.0], "bbox": [32, 47, 865, 627], "trans_mat": [0.02835355186089999, 0.06722127379919998, 1.1588851894409997], "area": 542355, "image_id": 4, "id": 4, "rot_mat": [[0.9994715301088872, 0.013581078688452174, -0.02953328297798759], [0.009333671433413567, 0.7503809109863874, 0.6609397635222234], [0.031137486722163384, -0.6608661307170292, 0.749857595941876]], "voxel": "model/table/IKEA_LIATORP_1/voxel.mat", "points": "occupancies/table/IKEA_LIATORP_1/points.npz", "pointcloud": "occupancies/table/IKEA_LIATORP_1/pointcloud.npz"}, {"iscrowd": 0, "segmentation": "mask/table/1082.png", "model": "model/table/IKEA_LIATORP_1/model.obj", "category_id": 1, "K": [777.9044429364841, 118.0, 118.0], "bbox": [23, 63, 189, 146], "trans_mat": [-7.965581603999392e-05, -0.04953096877779999, 3.09733554365], "area": 27594, "image_id": 5, "id": 5, "rot_mat": [[0.9999468931100204, 0.0101999118260818, 0.0014740279364545365], [-0.010070295370282851, 0.9366377970376307, 0.35015457488322127], [0.002190915510135311, -0.35015082315944124, 0.9366907712420321]], "voxel": "model/table/IKEA_LIATORP_1/voxel.mat", "points": "occupancies/table/IKEA_LIATORP_1/points.npz", "pointcloud": "occupancies/table/IKEA_LIATORP_1/pointcloud.npz"}, {"iscrowd": 0, "segmentation": "mask/table/1083.png", "model": "model/table/IKEA_LIATORP_1/model.obj", "category_id": 1, "K": [315.3297519110112, 114.0, 110.5], "bbox": [3, 40, 225, 158], "trans_mat": [-0.0029931511199200013, 0.0145949819281, 1.30197659229], "area": 35550, "image_id": 6, "id": 6, "rot_mat": [[0.9999499832075922, 0.0003019970777425737, 0.009996993593125399], [-0.005346959205335488, 0.8608535955272377, 0.5088246231218408], [-0.008452284329838498, -0.5088526268632126, 0.8608121531577116]], "voxel": "model/table/IKEA_LIATORP_1/voxel.mat", "points": "occupancies/table/IKEA_LIATORP_1/points.npz", "pointcloud": "occupancies/table/IKEA_LIATORP_1/pointcloud.npz"}, {"iscrowd": 0, "segmentation": "mask/table/1084.png", "model": "model/table/IKEA_LIATORP_1/model.obj", "category_id": 1, "K": [314.217548468, 121.5, 162.5], "bbox": [31, 205, 114, 85], "trans_mat": [0.18214713845800007, -0.565413436109, 2.26634755861], "area": 9690, "image_id": 7, "id": 7, "rot_mat": [[0.9885381951085515, 0.03704584194465558, -0.14635519261761465], [-0.017128002010945925, 0.9906871140797238, 0.13507654697800567], [0.1499962278147038, -0.1310215539176663, 0.979966572924995]], "voxel": "model/table/IKEA_LIATORP_1/voxel.mat", "points": "occupancies/table/IKEA_LIATORP_1/points.npz", "pointcloud": "occupancies/table/IKEA_LIATORP_1/pointcloud.npz"}, {"iscrowd": 0, "segmentation": "mask/table/1085.png", "model": "model/table/IKEA_LIATORP_1/model.obj", "category_id": 1, "K": [211.9925377094491, 112.5, 84.5], "bbox": [42, 19, 164, 113], "trans_mat": [-0.03994047048870001, 0.0988798728161, 1.2271352502999995], "area": 18532, "image_id": 8, "id": 8, "rot_mat": [[0.9994982610136675, -0.010096931989064164, 0.03002129569260511], [-0.00887406890115927, 0.8206006054643252, 0.5714331957567046], [-0.030405215536024325, -0.5714128964907872, 0.8200992772781945]], "voxel": "model/table/IKEA_LIATORP_1/voxel.mat", "points": "occupancies/table/IKEA_LIATORP_1/points.npz", "pointcloud": "occupancies/table/IKEA_LIATORP_1/pointcloud.npz"}, {"iscrowd": 0, "segmentation": "mask/table/1086.png", "model": "model/table/IKEA_LIATORP_1/model.obj", "category_id": 1, "K": [379.369904484, 150.0, 114.5], "bbox": [38, 88, 124, 73], "trans_mat": [0.326140928367, -0.03626146068639995, 2.7420299752], "area": 9052, "image_id": 9, "id": 9, "rot_mat": [[0.957238538695561, -0.01789432942292469, -0.2887458623261829], [0.0685454451704838, 0.9836937913563941, 0.16627701823542268], [0.28106209631034795, -0.17895898362861457, 0.9428561821382124]], "voxel": "model/table/IKEA_LIATORP_1/voxel.mat", "points": "occupancies/table/IKEA_LIATORP_1/points.npz", "pointcloud": "occupancies/table/IKEA_LIATORP_1/pointcloud.npz"}, {"iscrowd": 0, "segmentation": "mask/table/1439.png", "model": "model/table/IKEA_NORDLI/model.obj", "category_id": 1, "K": [2640.49676048, 444.5, 269.0], "bbox": [280, 21, 315, 459], "trans_mat": [0.021002535437499994, 0.0543342230897, 5.10266715088], "area": 144585, "image_id": 10, "id": 10, "rot_mat": [[0.8210520927220992, -0.0017096873237163609, 0.5708507142904496], [-0.13981831710187925, 0.9689344742858951, 0.20400201651727481], [-0.5534657164083966, -0.2473116687695331, 0.7953066322186487]], "voxel": "model/table/IKEA_NORDLI/voxel.mat", "points": "occupancies/table/IKEA_NORDLI/points.npz", "pointcloud": "occupancies/table/IKEA_NORDLI/pointcloud.npz"}, {"iscrowd": 0, "segmentation": "mask/table/1440.png", "model": "model/table/IKEA_NORDLI/model.obj", "category_id": 1, "K": [1397.94398936, 250.0, 250.0], "bbox": [99, 30, 297, 424], "trans_mat": [0.02324736803119999, 0.0461663527805, 3.00299624545], "area": 125928, "image_id": 11, "id": 11, "rot_mat": [[0.784220486307868, -0.01519190195721076, 0.6202962477477786], [-0.17444793105841358, 0.9539781530444168, 0.24391310514894882], [-0.5954545727463094, -0.2994910509996679, 0.7454790152422966]], "voxel": "model/table/IKEA_NORDLI/voxel.mat", "points": "occupancies/table/IKEA_NORDLI/points.npz", "pointcloud": "occupancies/table/IKEA_NORDLI/pointcloud.npz"}, {"iscrowd": 0, "segmentation": "mask/table/1441.png", "model": "model/table/IKEA_NORDLI/model.obj", "category_id": 1, "K": [1569.66700171, 250.0, 250.0], "bbox": [106, 38, 283, 405], "trans_mat": [0.014276540904899994, 0.0488818908106, 3.39123741977], "area": 114615, "image_id": 12, "id": 12, "rot_mat": [[0.8249732428068192, 0.006353946681483819, 0.5651360685838144], [-0.129764303878641, 0.9753527065935717, 0.17846098503450572], [-0.5500730625032393, -0.220560026074906, 0.8054644007069116]], "voxel": "model/table/IKEA_NORDLI/voxel.mat", "points": "occupancies/table/IKEA_NORDLI/points.npz", "pointcloud": "occupancies/table/IKEA_NORDLI/pointcloud.npz"}, {"iscrowd": 0, "segmentation": "mask/table/1442.png", "model": "model/table/IKEA_NORDLI/model.obj", "category_id": 1, "K": [213.959543191, 115.0, 65.0], "bbox": [73, 2, 91, 121], "trans_mat": [-0.038267169042000004, 0.06400571867089999, 1.63453348658], "area": 11011, "image_id": 13, "id": 13, "rot_mat": [[0.7010920100636111, -0.002613621797957582, -0.7130660294853924], [0.24961973303127913, 0.9376194168446289, 0.24199135942700656], [0.6679520808458929, -0.3476535605125238, 0.6580098932057228]], "voxel": "model/table/IKEA_NORDLI/voxel.mat", "points": "occupancies/table/IKEA_NORDLI/points.npz", "pointcloud": "occupancies/table/IKEA_NORDLI/pointcloud.npz"}, {"iscrowd": 0, "segmentation": "mask/table/0934.png", "model": "model/table/IKEA_KLINGSBO_1/model.obj", "category_id": 1, "K": [7052.72698426, 1000.0, 1000.0], "bbox": [1004, 657, 785, 1104], "trans_mat": [-0.307072299939, -0.14689044991300002, 5.48757971726], "area": 866640, "image_id": 226, "id": 226, "rot_mat": [[0.988018651896917, 0.008916002831404146, 0.15407676137986956], [-0.02974102613304953, 0.9906172340123865, 0.13339028091357327], [-0.15144178706140562, -0.13637448651107403, 0.9790134751679819]], "voxel": "model/table/IKEA_KLINGSBO_1/voxel.mat", "points": "occupancies/table/IKEA_KLINGSBO_1/points.npz", "pointcloud": "occupancies/table/IKEA_KLINGSBO_1/pointcloud.npz"}, {"iscrowd": 0, "segmentation": "mask/table/0935.png", "model": "model/table/IKEA_KLINGSBO_1/model.obj", "category_id": 1, "K": [1707.01937543, 599.5, 800.0], "bbox": [300, 740, 612, 814], "trans_mat": [-0.0036981855325999478, -0.424201926742, 1.9307652271], "area": 498168, "image_id": 227, "id": 227, "rot_mat": [[0.015401329665691828, -0.0075002424732753805, 0.999853261937656], [-0.6199691790158267, 0.7844743447241118, 0.015434362316505556], [-0.7844749939386025, -0.6201159156420011, 0.007432028828797449]], "voxel": "model/table/IKEA_KLINGSBO_1/voxel.mat", "points": "occupancies/table/IKEA_KLINGSBO_1/points.npz", "pointcloud": "occupancies/table/IKEA_KLINGSBO_1/pointcloud.npz"}, {"iscrowd": 0, "segmentation": "mask/table/0936.png", "model": "model/table/IKEA_KLINGSBO_1/model.obj", "category_id": 1, "K": [423.9369777582185, 118.0, 157.0], "bbox": [39, 142, 134, 172], "trans_mat": [0.037635193876600054, -0.415127547163, 2.14894612652], "area": 23048, "image_id": 228, "id": 228, "rot_mat": [[0.6953238861491036, 0.04704223735883655, 0.7171552978642656], [-0.46988149101200677, 0.7848033554921963, 0.4040978564809798], [-0.5438162168921059, -0.6179568926004986, 0.5677967956344012]], "voxel": "model/table/IKEA_KLINGSBO_1/voxel.mat", "points": "occupancies/table/IKEA_KLINGSBO_1/points.npz", "pointcloud": "occupancies/table/IKEA_KLINGSBO_1/pointcloud.npz"}, {"iscrowd": 0, "segmentation": "mask/table/0937.png", "model": "model/table/IKEA_KLINGSBO_1/model.obj", "category_id": 1, "K": [936.987359393, 512.0, 384.0], "bbox": [364, 212, 299, 429], "trans_mat": [-0.014667824879099992, -0.0650974191292, 2.03199094365], "area": 128271, "image_id": 229, "id": 229, "rot_mat": [[0.2601322725491735, 0.030661648519563312, 0.9650860397334868], [-0.33277385079795435, 0.941108856957428, 0.059797019836979], [-0.9064175445143939, -0.3367105324553214, 0.25501618052615926]], "voxel": "model/table/IKEA_KLINGSBO_1/voxel.mat", "points": "occupancies/table/IKEA_KLINGSBO_1/points.npz", "pointcloud": "occupancies/table/IKEA_KLINGSBO_1/pointcloud.npz"}, {"iscrowd": 0, "segmentation": "mask/table/0938.png", "model": "model/table/IKEA_KLINGSBO_1/model.obj", "category_id": 1, "K": [725.669904913485, 200.0, 200.0], "bbox": [77, 41, 254, 359], "trans_mat": [-0.018993983427599993, -0.047784509405199994, 1.940972820780815], "area": 91186, "image_id": 230, "id": 230, "rot_mat": [[0.8886116066633856, 0.02732996562083729, -0.4578454821031657], [0.20910457649549383, 0.8643084208577195, 0.45743439936571806], [0.4082213720418819, -0.5022191021990293, 0.7623196736242902]], "voxel": "model/table/IKEA_KLINGSBO_1/voxel.mat", "points": "occupancies/table/IKEA_KLINGSBO_1/points.npz", "pointcloud": "occupancies/table/IKEA_KLINGSBO_1/pointcloud.npz"}, {"iscrowd": 0, "segmentation": "mask/table/0939.png", "model": "model/table/IKEA_KLINGSBO_1/model.obj", "category_id": 1, "K": [4459.17750819, 250.0, 250.0], "bbox": [101, 32, 298, 431], "trans_mat": [-0.001949303848330002, 0.0161938162594, 9.12495725034], "area": 128438, "image_id": 231, "id": 231, "rot_mat": [[0.4716136453640842, 0.003518392388819194, 0.8817982708201452], [-0.1806099164249849, 0.9791776210994727, 0.09268896604740769], [-0.8631110169586297, -0.2029748931591684, 0.4624289839009493]], "voxel": "model/table/IKEA_KLINGSBO_1/voxel.mat", "points": "occupancies/table/IKEA_KLINGSBO_1/points.npz", "pointcloud": "occupancies/table/IKEA_KLINGSBO_1/pointcloud.npz"}, {"iscrowd": 0, "segmentation": "mask/table/0940.png", "model": "model/table/IKEA_KLINGSBO_1/model.obj", "category_id": 1, "K": [1771.75494997, 250.0, 250.0], "bbox": [250, 171, 180, 253], "trans_mat": [-0.305800592905, -0.14566027207700002, 6.02210296551], "area": 45540, "image_id": 232, "id": 232, "rot_mat": [[-0.15884399804919463, 0.01181005745007007, 0.9872330559836282], [-0.13764773606979724, 0.9898978910131307, -0.033989205972122224], [-0.9776613345318547, -0.14128937649654325, -0.15561371099813526]], "voxel": "model/table/IKEA_KLINGSBO_1/voxel.mat", "points": "occupancies/table/IKEA_KLINGSBO_1/points.npz", "pointcloud": "occupancies/table/IKEA_KLINGSBO_1/pointcloud.npz"}, {"iscrowd": 0, "segmentation": "mask/table/0941.png", "model": "model/table/IKEA_KLINGSBO_1/model.obj", "category_id": 1, "K": [617458.2957907099, 450.0, 600.0], "bbox": [251, 652, 390, 548], "trans_mat": [-0.0009541576844999424, -0.5611318028289998, 1000.00415562], "area": 213720, "image_id": 233, "id": 233, "rot_mat": [[-0.6336927996806455, -0.01941400618992171, -0.7733411485215066], [0.3022392193757543, 0.914014944799439, -0.2706069750660785], [0.7120989326659883, -0.40521571668302325, -0.5733370152441092]], "voxel": "model/table/IKEA_KLINGSBO_1/voxel.mat", "points": "occupancies/table/IKEA_KLINGSBO_1/points.npz", "pointcloud": "occupancies/table/IKEA_KLINGSBO_1/pointcloud.npz"}, {"iscrowd": 0, "segmentation": "mask/table/0942.png", "model": "model/table/IKEA_KLINGSBO_1/model.obj", "category_id": 1, "K": [1385.9004679, 599.5, 800.0], "bbox": [157, 360, 752, 912], "trans_mat": [0.05467799845580001, -0.05685797784189999, 1.44312843296], "area": 685824, "image_id": 234, "id": 234, "rot_mat": [[0.6427218187194331, -0.005385256503020699, 0.7660807155609524], [-0.6249645832250185, 0.5746700973778465, 0.528368762223994], [-0.4430890807234626, -0.8183674469284156, 0.36598741556439307]], "voxel": "model/table/IKEA_KLINGSBO_1/voxel.mat", "points": "occupancies/table/IKEA_KLINGSBO_1/points.npz", "pointcloud": "occupancies/table/IKEA_KLINGSBO_1/pointcloud.npz"}, {"iscrowd": 0, "segmentation": "mask/table/0943.png", "model": "model/table/IKEA_KLINGSBO_1/model.obj", "category_id": 1, "K": [1798.58436728, 750.0, 750.0], "bbox": [215, 107, 1049, 1280], "trans_mat": [0.002506796832450003, -0.0260842073754, 1.30025565936], "area": 1342720, "image_id": 235, "id": 235, "rot_mat": [[-0.011784541604578804, 0.010290732348639925, -0.9998776052132073], [0.6108654952820582, 0.7917338229006813, 0.000948867155276505], [0.7916466833461602, -0.6107795465655357, -0.015616473488692332]], "voxel": "model/table/IKEA_KLINGSBO_1/voxel.mat", "points": "occupancies/table/IKEA_KLINGSBO_1/points.npz", "pointcloud": "occupancies/table/IKEA_KLINGSBO_1/pointcloud.npz"}, {"iscrowd": 0, "segmentation": "mask/table/0944.png", "model": "model/table/IKEA_KLINGSBO_1/model.obj", "category_id": 1, "K": [1953.89248048, 750.0, 750.0], "bbox": [281, 104, 925, 1275], "trans_mat": [0.004802145915099995, 0.0404932033906, 1.46861679221], "area": 1179375, "image_id": 236, "id": 236, "rot_mat": [[0.41625485584258637, 0.0003485971754920493, 0.9092479163943554], [-0.3913927778847144, 0.9026793903048534, 0.1788340340610381], [-0.8206970137676597, -0.430313602851301, 0.37588111790029916]], "voxel": "model/table/IKEA_KLINGSBO_1/voxel.mat", "points": "occupancies/table/IKEA_KLINGSBO_1/points.npz", "pointcloud": "occupancies/table/IKEA_KLINGSBO_1/pointcloud.npz"}, {"iscrowd": 0, "segmentation": "mask/table/0945.png", "model": "model/table/IKEA_KLINGSBO_1/model.obj", "category_id": 1, "K": [1405.91305409, 599.5, 800.0], "bbox": [291, 741, 629, 821], "trans_mat": [-0.002450888428309948, -0.423210165615, 1.59456676228], "area": 516409, "image_id": 237, "id": 237, "rot_mat": [[0.028713671167626402, -0.010493847771205624, 0.9995325928888124], [-0.5799174398366271, 0.8142851486383853, 0.02520832561465887], [-0.8141690783009444, -0.5803702058737316, 0.017295550661171524]], "voxel": "model/table/IKEA_KLINGSBO_1/voxel.mat", "points": "occupancies/table/IKEA_KLINGSBO_1/points.npz", "pointcloud": "occupancies/table/IKEA_KLINGSBO_1/pointcloud.npz"}, {"iscrowd": 0, "segmentation": "mask/table/0946.png", "model": "model/table/IKEA_KLINGSBO_1/model.obj", "category_id": 1, "K": [896.3247129430001, 384.0, 512.0], "bbox": [45, 106, 634, 750], "trans_mat": [0.004241717360399994, 0.009209299850300001, 1.14324824886], "area": 475500, "image_id": 238, "id": 238, "rot_mat": [[0.23562666416843947, 0.051324969220236674, 0.9704874149969155], [-0.6656118874341361, 0.7361467239508512, 0.12267361624569564], [-0.7081249116075641, -0.6748731350046251, 0.2076183065382448]], "voxel": "model/table/IKEA_KLINGSBO_1/voxel.mat", "points": "occupancies/table/IKEA_KLINGSBO_1/points.npz", "pointcloud": "occupancies/table/IKEA_KLINGSBO_1/pointcloud.npz"}, {"iscrowd": 0, "segmentation": "mask/table/0947.png", "model": "model/table/IKEA_KLINGSBO_1/model.obj", "category_id": 1, "K": [1075.35940274, 366.0, 275.5], "bbox": [260, 183, 216, 333], "trans_mat": [0.0006314717908040258, -0.210576090061, 3.22039530912], "area": 71928, "image_id": 239, "id": 239, "rot_mat": [[0.7551651357609187, -0.015687394217297857, 0.6553468725750237], [-0.35189047477654445, 0.8337675554960238, 0.42544653854946674], [-0.5530811075174519, -0.5518927151764698, 0.6241119446400724]], "voxel": "model/table/IKEA_KLINGSBO_1/voxel.mat", "points": "occupancies/table/IKEA_KLINGSBO_1/points.npz", "pointcloud": "occupancies/table/IKEA_KLINGSBO_1/pointcloud.npz"}, {"iscrowd": 0, "segmentation": "mask/table/0948.png", "model": "model/table/IKEA_KLINGSBO_1/model.obj", "category_id": 1, "K": [908.0754286379998, 350.0, 439.0], "bbox": [60, 61, 598, 783], "trans_mat": [0.006688589782449998, 0.017035173188, 1.14550186592], "area": 468234, "image_id": 240, "id": 240, "rot_mat": [[0.562787433769189, -0.04431523782723517, 0.8254129052103596], [-0.3899550915942754, 0.8662268325399551, 0.3123877416408922], [-0.7288383434831011, -0.49768186051343294, 0.47022062352123295]], "voxel": "model/table/IKEA_KLINGSBO_1/voxel.mat", "points": "occupancies/table/IKEA_KLINGSBO_1/points.npz", "pointcloud": "occupancies/table/IKEA_KLINGSBO_1/pointcloud.npz"}, {"iscrowd": 0, "segmentation": "mask/table/0949.png", "model": "model/table/IKEA_KLINGSBO_1/model.obj", "category_id": 1, "K": [1078.98353355, 512.0, 307.0], "bbox": [201, 58, 633, 464], "trans_mat": [0.022194560769199997, 0.017264747390900004, 1.56700298902], "area": 293712, "image_id": 241, "id": 241, "rot_mat": [[-0.0452842636883047, 0.9338941855841083, 0.35467024909682393], [-0.9865492438939109, 0.014013728109581833, -0.16286253343486826], [-0.15706662546372144, -0.3572747759871466, 0.9206980013059511]], "voxel": "model/table/IKEA_KLINGSBO_1/voxel.mat", "points": "occupancies/table/IKEA_KLINGSBO_1/points.npz", "pointcloud": "occupancies/table/IKEA_KLINGSBO_1/pointcloud.npz"}, {"iscrowd": 0, "segmentation": "mask/table/0950.png", "model": "model/table/IKEA_KLINGSBO_1/model.obj", "category_id": 1, "K": [1288.6398557, 599.5, 800.0], "bbox": [95, 187, 953, 1107], "trans_mat": [0.0364232764326, 0.010488996088900006, 1.14017044331], "area": 1054971, "image_id": 242, "id": 242, "rot_mat": [[0.6953279724093118, -0.06330218514203952, 0.7158993254232038], [-0.5318314573288849, 0.6246736837158144, 0.5717850031859432], [-0.4833987089148976, -0.778315888459922, 0.4006869925393792]], "voxel": "model/table/IKEA_KLINGSBO_1/voxel.mat", "points": "occupancies/table/IKEA_KLINGSBO_1/points.npz", "pointcloud": "occupancies/table/IKEA_KLINGSBO_1/pointcloud.npz"}, {"iscrowd": 0, "segmentation": "mask/table/0951.png", "model": "model/table/IKEA_KLINGSBO_1/model.obj", "category_id": 1, "K": [423.7359817063675, 125.0, 125.0], "bbox": [52, 24, 156, 222], "trans_mat": [-0.020864668786667998, -0.016418419555010003, 1.8398107624900004], "area": 34632, "image_id": 243, "id": 243, "rot_mat": [[0.41138602220323717, 0.00233213187634721, 0.9114582282785696], [-0.40303221936855316, 0.8973875954877397, 0.17961217557724607], [-0.817512428582377, -0.44123697105483395, 0.3701126375682133]], "voxel": "model/table/IKEA_KLINGSBO_1/voxel.mat", "points": "occupancies/table/IKEA_KLINGSBO_1/points.npz", "pointcloud": "occupancies/table/IKEA_KLINGSBO_1/pointcloud.npz"}, {"iscrowd": 0, "segmentation": "mask/table/0952.png", "model": "model/table/IKEA_KLINGSBO_1/model.obj", "category_id": 1, "K": [290.226189636, 111.5, 150.0], "bbox": [19, 40, 189, 219], "trans_mat": [0.009610331049910005, -0.0460357542916, 1.26172938986], "area": 41391, "image_id": 244, "id": 244, "rot_mat": [[0.6536970738034972, -0.04740888905035684, 0.7552698411427244], [-0.6022289851173176, 0.5717759511818575, 0.5571288101818532], [-0.45825798976702053, -0.8190388628686022, 0.34521725902045564]], "voxel": "model/table/IKEA_KLINGSBO_1/voxel.mat", "points": "occupancies/table/IKEA_KLINGSBO_1/points.npz", "pointcloud": "occupancies/table/IKEA_KLINGSBO_1/pointcloud.npz"}, {"iscrowd": 0, "segmentation": "mask/table/0953.png", "model": "model/table/IKEA_KLINGSBO_1/model.obj", "category_id": 1, "K": [324.166127339, 146.5, 110.0], "bbox": [22, 52, 112, 149], "trans_mat": [0.413188913118, -0.09418102775449995, 2.14869492647], "area": 16688, "image_id": 245, "id": 245, "rot_mat": [[-0.5215981867434808, 0.040718590191854934, 0.8522190610392969], [-0.4451579820095842, 0.8391342057980894, -0.31255104497148056], [-0.7278528028654335, -0.5423981757642604, -0.4195646747386328]], "voxel": "model/table/IKEA_KLINGSBO_1/voxel.mat", "points": "occupancies/table/IKEA_KLINGSBO_1/points.npz", "pointcloud": "occupancies/table/IKEA_KLINGSBO_1/pointcloud.npz"}, {"iscrowd": 0, "segmentation": "mask/table/0954.png", "model": "model/table/IKEA_KLINGSBO_1/model.obj", "category_id": 1, "K": [452.708106821, 172.5, 230.5], "bbox": [19, 44, 306, 372], "trans_mat": [0.009675203264870001, -0.012736529271599998, 1.1530095249], "area": 113832, "image_id": 246, "id": 246, "rot_mat": [[-0.15139854133935976, -0.028523568842878277, 0.9880611760922396], [-0.5927016840914202, 0.8025760148988329, -0.06764949359974984], [-0.7910645961964854, -0.5958675577085683, -0.1384148052591111]], "voxel": "model/table/IKEA_KLINGSBO_1/voxel.mat", "points": "occupancies/table/IKEA_KLINGSBO_1/points.npz", "pointcloud": "occupancies/table/IKEA_KLINGSBO_1/pointcloud.npz"}, {"iscrowd": 0, "segmentation": "mask/table/0955.png", "model": "model/table/IKEA_KLINGSBO_1/model.obj", "category_id": 1, "K": [698.080245454, 250.0, 177.0], "bbox": [43, 80, 171, 254], "trans_mat": [0.457640581883, -0.09295337000209994, 2.66411967315], "area": 43434, "image_id": 247, "id": 247, "rot_mat": [[0.5491709273271229, -0.07151323179918698, -0.832644672268011], [0.3777158710196683, 0.9100008431431971, 0.17096545340659736], [0.7454810617034621, -0.40839236422380115, 0.5267576895358747]], "voxel": "model/table/IKEA_KLINGSBO_1/voxel.mat", "points": "occupancies/table/IKEA_KLINGSBO_1/points.npz", "pointcloud": "occupancies/table/IKEA_KLINGSBO_1/pointcloud.npz"}, {"iscrowd": 0, "segmentation": "mask/table/0956.png", "model": "model/table/IKEA_KLINGSBO_1/model.obj", "category_id": 1, "K": [451.723919216, 152.0, 203.0], "bbox": [60, 92, 191, 253], "trans_mat": [0.033413871111600005, -0.0656912409158, 1.74527288826], "area": 48323, "image_id": 248, "id": 248, "rot_mat": [[-0.4700069149752447, -0.18005273719043577, 0.8641032992100453], [-0.6162390366336832, 0.7678253487871832, -0.17519612863482628], [-0.6319358745982405, -0.6148375765924464, -0.4718387487327471]], "voxel": "model/table/IKEA_KLINGSBO_1/voxel.mat", "points": "occupancies/table/IKEA_KLINGSBO_1/points.npz", "pointcloud": "occupancies/table/IKEA_KLINGSBO_1/pointcloud.npz"}, {"iscrowd": 0, "segmentation": "mask/table/0957.png", "model": "model/table/IKEA_KLINGSBO_1/model.obj", "category_id": 1, "K": [787.234623416, 250.0, 188.5], "bbox": [114, 20, 237, 346], "trans_mat": [0.0590886488659, -0.008586569673769993, 2.25725064276], "area": 82002, "image_id": 249, "id": 249, "rot_mat": [[-0.5755403976356389, -0.04215235154615044, -0.8166862493935724], [0.49116874704811314, 0.7806557205295885, -0.3864322811665916], [0.6538398218314615, -0.6235381506079309, -0.4285949861160812]], "voxel": "model/table/IKEA_KLINGSBO_1/voxel.mat", "points": "occupancies/table/IKEA_KLINGSBO_1/points.npz", "pointcloud": "occupancies/table/IKEA_KLINGSBO_1/pointcloud.npz"}, {"iscrowd": 0, "segmentation": "mask/table/0958.png", "model": "model/table/IKEA_KLINGSBO_1/model.obj", "category_id": 1, "K": [662.690856443, 233.5, 350.0], "bbox": [32, 89, 435, 542], "trans_mat": [-0.05221480649119999, -0.03789403585500001, 1.20672751767], "area": 235770, "image_id": 250, "id": 250, "rot_mat": [[0.6348363617421706, 0.08998289794441433, 0.7673889964597415], [-0.5872054155931231, 0.7016984186228574, 0.40349613281949653], [-0.5021678939439195, -0.7067689915238969, 0.49830211610249275]], "voxel": "model/table/IKEA_KLINGSBO_1/voxel.mat", "points": "occupancies/table/IKEA_KLINGSBO_1/points.npz", "pointcloud": "occupancies/table/IKEA_KLINGSBO_1/pointcloud.npz"}, {"iscrowd": 0, "segmentation": "mask/table/0959.png", "model": "model/table/IKEA_KLINGSBO_1/model.obj", "category_id": 1, "K": [447.332124122, 127.0, 160.0], "bbox": [23, 35, 192, 272], "trans_mat": [0.004036764640170003, -0.0183856994808, 1.63161001572], "area": 52224, "image_id": 251, "id": 251, "rot_mat": [[0.742264946780566, 0.053047216242370666, 0.6680035491146576], [-0.3865407396868068, 0.8481918181580709, 0.3621559003690018], [-0.5473837824992807, -0.5270262161018571, 0.6500879649694639]], "voxel": "model/table/IKEA_KLINGSBO_1/voxel.mat", "points": "occupancies/table/IKEA_KLINGSBO_1/points.npz", "pointcloud": "occupancies/table/IKEA_KLINGSBO_1/pointcloud.npz"}, {"iscrowd": 0, "segmentation": "mask/table/0960.png", "model": "model/table/IKEA_KLINGSBO_1/model.obj", "category_id": 1, "K": [43129.0748881, 1728.0, 1152.0], "bbox": [43, 191, 1661, 2113], "trans_mat": [0.345895503475, -0.09909416699469997, 17.312242035170012], "area": 3509693, "image_id": 252, "id": 252, "rot_mat": [[0.6690948136045103, 0.054789123740999736, 0.7411546952743665], [-0.40287263285740604, 0.8647706854546452, 0.299775421395492], [-0.6245044212029947, -0.4991691231416427, 0.6006866191284073]], "voxel": "model/table/IKEA_KLINGSBO_1/voxel.mat", "points": "occupancies/table/IKEA_KLINGSBO_1/points.npz", "pointcloud": "occupancies/table/IKEA_KLINGSBO_1/pointcloud.npz"}, {"iscrowd": 0, "segmentation": "mask/table/1696.png", "model": "model/table/IKEA_UTBY_2/model.obj", "category_id": 1, "K": [557.1355392415077, 290.0, 217.5], "bbox": [107, 79, 367, 324], "trans_mat": [-0.0191965857796, 0.0026087926623599984, 1.28903586858], "area": 118908, "image_id": 253, "id": 253, "rot_mat": [[0.809627835681914, -0.017261514283740252, 0.5866897031767747], [-0.08372877580947251, 0.985948147903428, 0.14455359472267454], [-0.5809408401812243, -0.16615742466237368, 0.7968057796220487]], "voxel": "model/table/IKEA_UTBY_2/voxel.mat", "points": "occupancies/table/IKEA_UTBY_2/points.npz", "pointcloud": "occupancies/table/IKEA_UTBY_2/pointcloud.npz"}, {"iscrowd": 0, "segmentation": "mask/table/1697.png", "model": "model/table/IKEA_UTBY_2/model.obj", "category_id": 1, "K": [1003.0795194999998, 368.0, 245.0], "bbox": [335, 300, 224, 190], "trans_mat": [-0.2894461289329999, -0.5372498993, 3.76610640803], "area": 42560, "image_id": 254, "id": 254, "rot_mat": [[0.867808238982001, -0.010187476013452212, -0.4967948023957511], [0.05587400900768122, 0.9954496687292907, 0.07718841975422742], [0.4937478662965214, -0.09474266388074903, 0.8644286391417233]], "voxel": "model/table/IKEA_UTBY_2/voxel.mat", "points": "occupancies/table/IKEA_UTBY_2/points.npz", "pointcloud": "occupancies/table/IKEA_UTBY_2/pointcloud.npz"}, {"iscrowd": 0, "segmentation": "mask/table/1698.png", "model": "model/table/IKEA_UTBY_2/model.obj", "category_id": 1, "K": [1878.3635524600002, 415.0, 405.5], "bbox": [262, 357, 436, 454], "trans_mat": [-0.12052093017299997, -0.24352387413200002, 2.59020501759], "area": 197944, "image_id": 255, "id": 255, "rot_mat": [[-0.3609991301922388, -0.0007221999091620178, -0.9325658724335445], [0.0980030720895838, 0.9944330720550573, -0.0387074032214118], [0.9274022999008849, -0.10536765931932021, -0.35891869623651096]], "voxel": "model/table/IKEA_UTBY_2/voxel.mat", "points": "occupancies/table/IKEA_UTBY_2/points.npz", "pointcloud": "occupancies/table/IKEA_UTBY_2/pointcloud.npz"}, {"iscrowd": 0, "segmentation": "mask/table/1699.png", "model": "model/table/IKEA_UTBY_2/model.obj", "category_id": 1, "K": [1385.0027011, 600.0, 399.5], "bbox": [189, 268, 640, 531], "trans_mat": [0.12125209631900001, -0.144393781074, 1.85216668608], "area": 339840, "image_id": 256, "id": 256, "rot_mat": [[0.9162701080346399, 0.005309325550657096, 0.4005257796751493], [-0.0931753294236897, 0.9753092056236171, 0.20022565123533925], [-0.3895734168407491, -0.22077990055262267, 0.8941413693611308]], "voxel": "model/table/IKEA_UTBY_2/voxel.mat", "points": "occupancies/table/IKEA_UTBY_2/points.npz", "pointcloud": "occupancies/table/IKEA_UTBY_2/pointcloud.npz"}, {"iscrowd": 0, "segmentation": "mask/table/1700.png", "model": "model/table/IKEA_UTBY_2/model.obj", "category_id": 1, "K": [497.1387015686084, 225.0, 300.0], "bbox": [4, 106, 348, 447], "trans_mat": [-0.005659324180194002, 0.021472265105, 0.974892883434], "area": 155556, "image_id": 257, "id": 257, "rot_mat": [[-0.1266059417920683, 0.060525996015723324, -0.9901048122846632], [0.4850475439098403, 0.8744458072834224, -0.008567979427811897], [0.8652744163847531, -0.4813326645167025, -0.14006802068736654]], "voxel": "model/table/IKEA_UTBY_2/voxel.mat", "points": "occupancies/table/IKEA_UTBY_2/points.npz", "pointcloud": "occupancies/table/IKEA_UTBY_2/pointcloud.npz"}, {"iscrowd": 0, "segmentation": "mask/table/1701.png", "model": "model/table/IKEA_UTBY_2/model.obj", "category_id": 1, "K": [1779.7081979834377, 320.0, 240.0], "bbox": [67, 177, 533, 303], "trans_mat": [-0.013443891881299968, -0.258771894908, 2.7856625465400002], "area": 161499, "image_id": 258, "id": 258, "rot_mat": [[-0.7772424392686592, 0.023117717153465084, 0.6287764004424122], [-0.15584446899164206, 0.9611129900603845, -0.22797877493727384], [-0.6095955151446061, -0.27518610337515126, -0.7434150364532472]], "voxel": "model/table/IKEA_UTBY_2/voxel.mat", "points": "occupancies/table/IKEA_UTBY_2/points.npz", "pointcloud": "occupancies/table/IKEA_UTBY_2/pointcloud.npz"}, {"iscrowd": 0, "segmentation": "mask/table/1702.png", "model": "model/table/IKEA_UTBY_2/model.obj", "category_id": 1, "K": [735.365428158, 360.0, 270.0], "bbox": [96, 142, 517, 398], "trans_mat": [-0.00018423442535898677, -0.108025405752, 1.28022967107], "area": 205766, "image_id": 259, "id": 259, "rot_mat": [[0.8733874712173402, 0.06348433564196167, -0.48287064960367865], [0.12610726691543067, 0.9281753180478372, 0.3501250293793868], [0.47041607365363286, -0.36668831191475804, 0.8026508578164013]], "voxel": "model/table/IKEA_UTBY_2/voxel.mat", "points": "occupancies/table/IKEA_UTBY_2/points.npz", "pointcloud": "occupancies/table/IKEA_UTBY_2/pointcloud.npz"}, {"iscrowd": 0, "segmentation": "mask/table/1703.png", "model": "model/table/IKEA_UTBY_2/model.obj", "category_id": 1, "K": [918.592783886, 288.0, 512.0], "bbox": [9, 335, 543, 508], "trans_mat": [-0.004873950489619992, -0.0672622250902, 1.49872428141], "area": 275844, "image_id": 260, "id": 260, "rot_mat": [[0.8103920888733144, -0.006678107061975407, 0.5858498657314984], [-0.22710653245253032, 0.9181754846421403, 0.32461731672780286], [-0.5400808135908308, -0.39611763693155555, 0.7425655072132199]], "voxel": "model/table/IKEA_UTBY_2/voxel.mat", "points": "occupancies/table/IKEA_UTBY_2/points.npz", "pointcloud": "occupancies/table/IKEA_UTBY_2/pointcloud.npz"}, {"iscrowd": 0, "segmentation": "mask/table/1704.png", "model": "model/table/IKEA_UTBY_2/model.obj", "category_id": 1, "K": [556.986828527, 293.0, 407.5], "bbox": [78, 370, 231, 297], "trans_mat": [0.3226731594300001, -0.22954178729399996, 1.58564297728], "area": 68607, "image_id": 261, "id": 261, "rot_mat": [[0.5275977627889348, -0.023527636102819657, -0.8491684467992932], [0.19242384001351148, 0.9769437978750367, 0.09248719688667012], [0.8274138423392282, -0.21219629151545613, 0.5199606402147399]], "voxel": "model/table/IKEA_UTBY_2/voxel.mat", "points": "occupancies/table/IKEA_UTBY_2/points.npz", "pointcloud": "occupancies/table/IKEA_UTBY_2/pointcloud.npz"}, {"iscrowd": 0, "segmentation": "mask/table/1705.png", "model": "model/table/IKEA_UTBY_2/model.obj", "category_id": 1, "K": [1617.9637375399998, 800.0, 600.0], "bbox": [304, 191, 1158, 1009], "trans_mat": [-0.09597921230829999, -0.06945620295610001, 1.21728242448], "area": 1168422, "image_id": 262, "id": 262, "rot_mat": [[-0.7086364647293496, -0.00401086440406229, -0.7055623812411072], [0.33143244337703043, 0.8809011803937914, -0.33788407162510115], [0.6228859416723264, -0.473283237974426, -0.6229093676606752]], "voxel": "model/table/IKEA_UTBY_2/voxel.mat", "points": "occupancies/table/IKEA_UTBY_2/points.npz", "pointcloud": "occupancies/table/IKEA_UTBY_2/pointcloud.npz"}, {"iscrowd": 0, "segmentation": "mask/table/1706.png", "model": "model/table/IKEA_UTBY_2/model.obj", "category_id": 1, "K": [478.156326463, 199.5, 300.0], "bbox": [37, 302, 271, 287], "trans_mat": [0.10578491244500005, -0.358987382971, 1.47024593098], "area": 77777, "image_id": 263, "id": 263, "rot_mat": [[0.774669327820731, -0.0015804332549536344, -0.6323645584348504], [0.13508487835855995, 0.9773277982068517, 0.16304125395432986], [0.6177697857395017, -0.2117259480622861, 0.7573193611314161]], "voxel": "model/table/IKEA_UTBY_2/voxel.mat", "points": "occupancies/table/IKEA_UTBY_2/points.npz", "pointcloud": "occupancies/table/IKEA_UTBY_2/pointcloud.npz"}, {"iscrowd": 0, "segmentation": "mask/table/1707.png", "model": "model/table/IKEA_UTBY_2/model.obj", "category_id": 1, "K": [672.494136186, 320.0, 240.0], "bbox": [38, 12, 347, 380], "trans_mat": [0.14967341137699997, 0.14576515657200004, 1.4785304004], "area": 131860, "image_id": 264, "id": 264, "rot_mat": [[-0.3665179651246976, 0.021202993116279566, -0.9301693471211369], [0.4359996280628049, 0.887089955454806, -0.1515774892927251], [0.8219299882410587, -0.46110936231451793, -0.3343789024683702]], "voxel": "model/table/IKEA_UTBY_2/voxel.mat", "points": "occupancies/table/IKEA_UTBY_2/points.npz", "pointcloud": "occupancies/table/IKEA_UTBY_2/pointcloud.npz"}, {"iscrowd": 0, "segmentation": "mask/table/0138.png", "model": "model/table/IKEA_BJORKUDDEN_3/model.obj", "category_id": 1, "K": [597.274423318, 184.0, 250.0], "bbox": [71, 267, 275, 186], "trans_mat": [-0.08319457115379995, -0.29415761147, 1.90580415523], "area": 51150, "image_id": 394, "id": 394, "rot_mat": [[0.8709140968945102, 0.0019675074804721554, -0.49143134285954343], [-0.010820501046174638, 0.9998263310690344, -0.015173149249365442], [0.4913161432189355, 0.01853204293509141, 0.8707841355910904]], "voxel": "model/table/IKEA_BJORKUDDEN_3/voxel.mat", "points": "occupancies/table/IKEA_BJORKUDDEN_3/points.npz", "pointcloud": "occupancies/table/IKEA_BJORKUDDEN_3/pointcloud.npz"}, {"iscrowd": 0, "segmentation": "mask/table/0139.png", "model": "model/table/IKEA_BJORKUDDEN_3/model.obj", "category_id": 1, "K": [5977.65358014, 1000.0, 1000.0], "bbox": [351, 433, 1597, 1066], "trans_mat": [-0.079195439028, 0.03093731077289999, 3.07511378662], "area": 1702402, "image_id": 395, "id": 395, "rot_mat": [[0.9992036081871191, 0.008612532182052204, -0.03896118164603495], [-0.0011296851548279437, 0.9821425906917975, 0.18813467346731996], [0.039885751808047654, -0.18794083068513148, 0.9813701498232404]], "voxel": "model/table/IKEA_BJORKUDDEN_3/voxel.mat", "points": "occupancies/table/IKEA_BJORKUDDEN_3/points.npz", "pointcloud": "occupancies/table/IKEA_BJORKUDDEN_3/pointcloud.npz"}, {"iscrowd": 0, "segmentation": "mask/table/0140.png", "model": "model/table/IKEA_BJORKUDDEN_3/model.obj", "category_id": 1, "K": [1164.56658811, 500.0, 281.5], "bbox": [252, 135, 470, 342], "trans_mat": [-0.006072072438539998, -0.0167601133661, 2.18435960754], "area": 160740, "image_id": 396, "id": 396, "rot_mat": [[0.9608842872680203, 0.030867489618717544, -0.2752246074864437], [0.06107402391855763, 0.9456874645430321, 0.31928855759103963], [0.27013209747052286, -0.32360843235430303, 0.9068110235464534]], "voxel": "model/table/IKEA_BJORKUDDEN_3/voxel.mat", "points": "occupancies/table/IKEA_BJORKUDDEN_3/points.npz", "pointcloud": "occupancies/table/IKEA_BJORKUDDEN_3/pointcloud.npz"}, {"iscrowd": 0, "segmentation": "mask/table/0141.png", "model": "model/table/IKEA_BJORKUDDEN_3/model.obj", "category_id": 1, "K": [962.394307443, 400.0, 400.0], "bbox": [0, 74, 800, 686], "trans_mat": [0.011511179681099994, 0.0441708928057, 1.13723635764], "area": 548800, "image_id": 397, "id": 397, "rot_mat": [[0.7925996906193741, 0.11171123016872245, -0.5994216641766159], [0.27189477870993445, 0.815170925727693, 0.5114387462429217], [0.5457645643868321, -0.5683458127781418, 0.6157305233275387]], "voxel": "model/table/IKEA_BJORKUDDEN_3/voxel.mat", "points": "occupancies/table/IKEA_BJORKUDDEN_3/points.npz", "pointcloud": "occupancies/table/IKEA_BJORKUDDEN_3/pointcloud.npz"}, {"iscrowd": 0, "segmentation": "mask/table/0142.png", "model": "model/table/IKEA_BJORKUDDEN_3/model.obj", "category_id": 1, "K": [932.234087672, 512.0, 288.0], "bbox": [111, 79, 742, 497], "trans_mat": [0.049530497891500005, -0.055714929477299995, 1.21672665297], "area": 368774, "image_id": 398, "id": 398, "rot_mat": [[0.8106753892287538, -0.14791153126651738, 0.5665047150882353], [-0.1825050241916412, 0.8555197165257199, 0.48453888469405676], [-0.5563248416560392, -0.49619370567767784, 0.6665541815953426]], "voxel": "model/table/IKEA_BJORKUDDEN_3/voxel.mat", "points": "occupancies/table/IKEA_BJORKUDDEN_3/points.npz", "pointcloud": "occupancies/table/IKEA_BJORKUDDEN_3/pointcloud.npz"}, {"iscrowd": 0, "segmentation": "mask/table/0143.png", "model": "model/table/IKEA_BJORKUDDEN_3/model.obj", "category_id": 1, "K": [908.26963365, 400.0, 400.0], "bbox": [70, 89, 689, 649], "trans_mat": [0.008060972369089994, 0.0436166264888, 1.22687125406], "area": 447161, "image_id": 399, "id": 399, "rot_mat": [[0.6033173970666523, 0.14967033379111222, -0.7833306515001034], [0.4112188528854083, 0.7832007694265047, 0.46636424584367475], [0.6833060613139095, -0.6034859948272103, 0.4109713866184409]], "voxel": "model/table/IKEA_BJORKUDDEN_3/voxel.mat", "points": "occupancies/table/IKEA_BJORKUDDEN_3/points.npz", "pointcloud": "occupancies/table/IKEA_BJORKUDDEN_3/pointcloud.npz"}, {"iscrowd": 0, "segmentation": "mask/table/0144.png", "model": "model/table/IKEA_BJORKUDDEN_3/model.obj", "category_id": 1, "K": [921.541227388, 400.0, 400.0], "bbox": [10, 40, 769, 749], "trans_mat": [-0.06389374947, 0.04053085242119999, 1.12719524458], "area": 575981, "image_id": 400, "id": 400, "rot_mat": [[0.5862804099580216, 0.15328810384802138, 0.7954734678907477], [-0.596841370192545, 0.7456889124174225, 0.29618984574830864], [-0.547773365294571, -0.648421778718451, 0.528671483208108]], "voxel": "model/table/IKEA_BJORKUDDEN_3/voxel.mat", "points": "occupancies/table/IKEA_BJORKUDDEN_3/points.npz", "pointcloud": "occupancies/table/IKEA_BJORKUDDEN_3/pointcloud.npz"}, {"iscrowd": 0, "segmentation": "mask/table/0145.png", "model": "model/table/IKEA_BJORKUDDEN_3/model.obj", "category_id": 1, "K": [473.516974526, 94.0, 94.0], "bbox": [39, 46, 137, 91], "trans_mat": [-0.0875755863673, 0.027865058538599996, 2.86776592934], "area": 12467, "image_id": 401, "id": 401, "rot_mat": [[-0.9984587748054246, 0.022065533000915457, 0.05092334697794326], [0.012695930953587089, 0.9840451938128175, -0.17746512297101075], [-0.054026737373935894, -0.17654508995517187, -0.9828087010509461]], "voxel": "model/table/IKEA_BJORKUDDEN_3/voxel.mat", "points": "occupancies/table/IKEA_BJORKUDDEN_3/points.npz", "pointcloud": "occupancies/table/IKEA_BJORKUDDEN_3/pointcloud.npz"}, {"iscrowd": 0, "segmentation": "mask/table/0146.png", "model": "model/table/IKEA_BJORKUDDEN_3/model.obj", "category_id": 1, "K": [410.802097122, 307.0, 230.0], "bbox": [42, 14, 564, 446], "trans_mat": [0.0348793827896, 0.0775002449237, 0.762547230794], "area": 251544, "image_id": 402, "id": 402, "rot_mat": [[0.6941497028412507, -0.01077607729436377, -0.7197500025728025], [0.4119588450101895, 0.8258998014288558, 0.3849408110575533], [0.590293232269585, -0.5637139293630433, 0.5777374020944148]], "voxel": "model/table/IKEA_BJORKUDDEN_3/voxel.mat", "points": "occupancies/table/IKEA_BJORKUDDEN_3/points.npz", "pointcloud": "occupancies/table/IKEA_BJORKUDDEN_3/pointcloud.npz"}, {"iscrowd": 0, "segmentation": "mask/table/0147.png", "model": "model/table/IKEA_BJORKUDDEN_3/model.obj", "category_id": 1, "K": [826.500636112, 512.0, 288.0], "bbox": [270, 23, 612, 545], "trans_mat": [-0.04126271940020001, 0.06018240327399999, 1.27705478363], "area": 333540, "image_id": 403, "id": 40