{"licenses": {}, "info": {"url": "https://github.com/xingyuansun/pix3d", "contributor": "Pix3D", "year": 2018, "description": "Dataset of paper https://arxiv.org/abs/1804.04610"}, "categories": [{"id": 1, "name": "table"}], "annotations": [{"iscrowd": 0, "segmentation": "mask/table/0068.png", "model": "model/table/IKEA_LIATORP_1/model.obj", "category_id": 1, "K": [1039.3327803857585, 512.0, 384.0], "bbox": [32, 47, 865, 627], "trans_mat": [0.02835355186089999, 0.06722127379919998, 1.1588851894409997], "area": 542355, "image_id": 4, "id": 4, "rot_mat": [[0.9994715301088872, 0.013581078688452174, -0.02953328297798759], [0.009333671433413567, 0.7503809109863874, 0.6609397635222234], [0.031137486722163384, -0.6608661307170292, 0.749857595941876]], "voxel": "model/table/IKEA_LIATORP_1/voxel.mat", "points": "occupancies/table/IKEA_LIATORP_1/points.npz", "pointcloud": "occupancies/table/IKEA_LIATORP_1/pointcloud.npz"}, {"iscrowd": 0, "segmentation": "mask/table/1082.png", "model": "model/table/IKEA_LIATORP_1/model.obj", "category_id": 1, "K": [777.9044429364841, 118.0, 118.0], "bbox": [23, 63, 189, 146], "trans_mat": [-7.965581603999392e-05, -0.04953096877779999, 3.09733554365], "area": 27594, "image_id": 5, "id": 5, "rot_mat": [[0.9999468931100204, 0.0101999118260818, 0.0014740279364545365], [-0.010070295370282851, 0.9366377970376307, 0.35015457488322127], [0.002190915510135311, -0.35015082315944124, 0.9366907712420321]], "voxel": "model/table/IKEA_LIATORP_1/voxel.mat", "points": "occupancies/table/IKEA_LIATORP_1/points.npz", "pointcloud": "occupancies/table/IKEA_LIATORP_1/pointcloud.npz"}, {"iscrowd": 0, "segmentation": "mask/table/1083.png", "model": "model/table/IKEA_LIATORP_1/model.obj", "category_id": 1, "K": [315.3297519110112, 114.0, 110.5], "bbox": [3, 40, 225, 158], "trans_mat": [-0.0029931511199200013, 0.0145949819281, 1.30197659229], "area": 35550, "image_id": 6, "id": 6, "rot_mat": [[0.9999499832075922, 0.0003019970777425737, 0.009996993593125399], [-0.005346959205335488, 0.8608535955272377, 0.5088246231218408], [-0.008452284329838498, -0.5088526268632126, 0.8608121531577116]], "voxel": "model/table/IKEA_LIATORP_1/voxel.mat", "points": "occupancies/table/IKEA_LIATORP_1/points.npz", "pointcloud": "occupancies/table/IKEA_LIATORP_1/pointcloud.npz"}, {"iscrowd": 0, "segmentation": "mask/table/1084.png", "model": "model/table/IKEA_LIATORP_1/model.obj", "category_id": 1, "K": [314.217548468, 121.5, 162.5], "bbox": [31, 205, 114, 85], "trans_mat": [0.18214713845800007, -0.565413436109, 2.26634755861], "area": 9690, "image_id": 7, "id": 7, "rot_mat": [[0.9885381951085515, 0.03704584194465558, -0.14635519261761465], [-0.017128002010945925, 0.9906871140797238, 0.13507654697800567], [0.1499962278147038, -0.1310215539176663, 0.979966572924995]], "voxel": "model/table/IKEA_LIATORP_1/voxel.mat", "points": "occupancies/table/IKEA_LIATORP_1/points.npz", "pointcloud": "occupancies/table/IKEA_LIATORP_1/pointcloud.npz"}, {"iscrowd": 0, "segmentation": "mask/table/1085.png", "model": "model/table/IKEA_LIATORP_1/model.obj", "category_id": 1, "K": [211.9925377094491, 112.5, 84.5], "bbox": [42, 19, 164, 113], "trans_mat": [-0.03994047048870001, 0.0988798728161, 1.2271352502999995], "area": 18532, "image_id": 8, "id": 8, "rot_mat": [[0.9994982610136675, -0.010096931989064164, 0.03002129569260511], [-0.00887406890115927, 0.8206006054643252, 0.5714331957567046], [-0.030405215536024325, -0.5714128964907872, 0.8200992772781945]], "voxel": "model/table/IKEA_LIATORP_1/voxel.mat", "points": "occupancies/table/IKEA_LIATORP_1/points.npz", "pointcloud": "occupancies/table/IKEA_LIATORP_1/pointcloud.npz"}, {"iscrowd": 0, "segmentation": "mask/table/1086.png", "model": "model/table/IKEA_LIATORP_1/model.obj", "category_id": 1, "K": [379.369904484, 150.0, 114.5], "bbox": [38, 88, 124, 73], "trans_mat": [0.326140928367, -0.03626146068639995, 2.7420299752], "area": 9052, "image_id": 9, "id": 9, "rot_mat": [[0.957238538695561, -0.01789432942292469, -0.2887458623261829], [0.0685454451704838, 0.9836937913563941, 0.16627701823542268], [0.28106209631034795, -0.17895898362861457, 0.9428561821382124]], "voxel": "model/table/IKEA_LIATORP_1/voxel.mat", "points": "occupancies/table/IKEA_LIATORP_1/points.npz", "pointcloud": "occupancies/table/IKEA_LIATORP_1/pointcloud.npz"}], "images": [{"height": 768, "file_name": "img/table/0068.png", "id": 4, "width": 1024}, {"height": 236, "file_name": "img/table/1082.jpg", "id": 5, "width": 236}, {"height": 221, "file_name": "img/table/1083.jpg", "id": 6, "width": 228}, {"height": 325, "file_name": "img/table/1084.jpg", "id": 7, "width": 243}, {"height": 169, "file_name": "img/table/1085.jpg", "id": 8, "width": 225}, {"height": 229, "file_name": "img/table/1086.jpg", "id": 9, "width": 300}]}